2.208732009857496958e-01
-3.247373149531318504e-02
-6.011122376072708384e-02
-9.762060110663024481e-01
1.695309868760868088e-01
5.369978992101704929e-01
-3.775072005287032351e-01
-3.423608525451826701e-01
-4.865369257755867149e-01
-7.987902088337146544e-01
5.470994127027861698e-01
7.842202843859991113e-02
-5.387696059710629370e-01
-3.539936028075940655e-02
5.394905858813361377e-01
-1.139066503198882252e-02
9.215925578800645557e-01
-5.671276047502897821e-01
-2.076880845092641259e-01
1.188491877432973354e-01
3.355943665363114725e-02
2.136201371647052927e-01
4.320971236533543980e-01
2.993077894068074674e-01
2.416240509630203093e-01
5.548322994614298675e-01
1.384549262006138370e-01
-2.976073812206003755e-01
5.074541375634260554e-01
3.882869486740230247e-01
1.990142530678522537e-01
-8.710462414770367978e-01
-1.851823454357697241e-01
-9.245303188996254473e-01
-2.279222292854101717e-01
-2.257392359729326614e-02
-5.818149578918518916e-01
3.162142737195381414e-01
9.209692291583686519e-01
-5.654374918859572663e-01
2.220290724561675422e-01
-6.177245372516055877e-01
-4.751571904136508984e-02
4.061551073376779009e-01
-9.167479377463649826e-03
-7.891929946190716638e-01
-2.142355849680011026e-01
-7.688350252730931089e-01
-5.450936166713595821e-01
4.004651789336257650e-01
-8.672429696197212490e-01
-4.324904735999262062e-01
8.713382477797830816e-01
-2.854728047375911792e-01
-3.659341928071555561e-01
-4.172870738247604905e-01
4.166882618087739409e-01
8.973792126911768197e-01
-1.795800126434061728e-01
-1.168881749003394255e-01
9.736916725031448117e-01
-3.279764897147243730e-01
8.108414122849014749e-01
8.259946012853551789e-01
3.519620102940033135e-01
-1.778317843015282396e-01
6.169212520132361099e-01
-9.186845142859902946e-01
7.919737122065617640e-02
-6.877718468511955230e-01
-7.635050013799677959e-01
6.928385700844281736e-01
8.148012081203650503e-01
-7.165709562664797083e-01
-4.307282531106442214e-01
-4.513343678687027349e-01
7.247899124991361575e-01
3.884280714884242869e-01
6.131219363744078166e-01
1.475276421483622258e-01
9.612883227164212840e-01
9.816425414220382173e-01
9.078865329456400346e-01
2.084202458666490898e-01
8.396092987127716789e-01
5.806428378395238621e-01
6.725924450030049684e-01
9.147767192938793812e-01
-8.703847368284594044e-01
9.635150834543493303e-01
-7.467779513284955595e-01
9.326917364033477931e-01
3.914273467482778379e-01
-9.612300260834920618e-01
-9.892542161209232354e-01
6.054197958928910772e-01
-2.775779340592530176e-01
8.214498717252012305e-01
-4.622804363510948367e-01
1.445321305728766159e-01
5.059430548297523256e-01
-3.491190418703402631e-01
6.139036271279381118e-01
5.201699264433214953e-01
1.064376688087311784e-01
-5.841462340520273688e-01
5.307983469766077711e-01
2.294576550921618718e-01
-6.804840583057667480e-01
7.766217431681217143e-01
7.487554780553962175e-03
8.930555820037466841e-01
7.871700070930340853e-01
-6.804263692832557275e-02
2.837113904983954438e-01
7.195242090862443707e-01
-2.279525828277968458e-01
-5.551620539970334445e-01
7.061547333223825440e-01
-4.721616732154336749e-01
2.507280608549049550e-01
1.863087853482252587e-01
9.705685328062958472e-01
9.990948695947938774e-01
5.476652430645345682e-02
-4.369661922240981600e-01
8.554070130645454739e-01
-3.880825043506506145e-01
9.597897637755608002e-01
-1.934737948808775698e-01
2.995942422034507668e-01
9.730340788930944562e-01
-4.558183259645920415e-02
-8.390029198296078405e-01
1.005641435475250756e-01
2.899752897104734828e-01
-8.051296287810068009e-01
-5.535138415317186755e-01
-6.116708648350452915e-01
-6.538023858828467816e-01
3.496055198037417711e-02
2.844957485078793979e-01
5.642258842355285520e-01
-6.731929145714485863e-01
4.631290145584643358e-01
-9.476027792990682208e-01
-4.565648054358446561e-01
4.730890828533402814e-01
-4.799006960974891989e-01
4.851499146156479370e-01
-2.547733244880743264e-01
-8.392837216805582035e-01
-5.790455104853182711e-01
2.202689888805677842e-01
6.029015964682649109e-01
-2.328295760195442377e-01
7.190998423015495522e-01
6.307665980740837508e-01
-3.278735893819992864e-01
-5.553247741661844206e-01
-3.626799163592449027e-01
-4.489361111597831577e-01
-3.630453406180227383e-01
7.710626959444932815e-02
3.318001227707829681e-01
6.238434082414066051e-01
2.000156174821903221e-01
2.157219909252725554e-01
-4.059362251163571855e-01
-8.674670782899862598e-01
-8.507696406068288031e-01
7.486047323053302005e-01
8.374916462912749271e-01
6.578807190349156286e-02
-2.781903517061596887e-01
-2.769515133328204204e-01
-6.443614898937342073e-01
-3.426485667462741969e-01
-2.431464785385841765e-01
-1.655453324982203434e-02
-3.944269479794619837e-01
1.210989581792725200e-01
-1.251995000255015089e-01
6.077722823503102223e-01
-8.032883051447849976e-01
-1.585227859363913527e-01
-7.546824802031115720e-01
-8.540612294849398989e-01
-2.028760791364048188e-03
-5.038939907537944851e-01
1.354256923536896196e-01
9.648309619294548334e-02
8.874219076754950031e-01
-2.954594461523349924e-01
-5.588890570268965075e-01
-5.637531417277314993e-01
-6.224082511327788669e-01
9.679367474665581117e-01
-3.334975570030627168e-01
7.671348860642135392e-02
5.811998268203046880e-01
8.959891808826199178e-01
-7.281832572466711007e-01
3.563857251864457343e-01
-5.481012494568102689e-01
1.688104019655227717e-01
-5.342455120296456528e-01
-5.003934069254893924e-01
5.034335320861462737e-01
2.240385938219817685e-01
2.467963950141460749e-01
-3.827644283214177712e-01
3.715341523884558850e-01
4.224886458125296507e-01
-8.182236000314053737e-01
5.720153834293353334e-01
9.123031732052937492e-01
6.368632862942025241e-02
-8.526514214332299169e-01
-6.545301059597345983e-01
9.125654414676698245e-01
9.147653826447421643e-02
-1.725496689277536966e-01
-5.783997102756968101e-01
-1.184032420281178055e-01
1.337119807724751475e-01
5.874714950897357291e-01
8.382498159845530594e-02
7.851553465765055417e-01
-6.190276980871214363e-01
-4.627119894883513496e-02
8.493954964015559828e-01
-7.521317159479790071e-01
-4.111947813600207446e-01
-7.305039934513937183e-01
4.857761567028711092e-01
-4.208924550163193334e-01
8.661614956954226674e-01
3.587193455843968870e-01
8.714705320763738161e-01
-5.798945870731584407e-01
7.226773403748880664e-01
-9.546068111547050261e-01
8.533191220835854018e-01
-9.194039007436631827e-01
-1.722677402149730419e-02
-2.719109118638776135e-01
8.411451187035732246e-01
1.524245633043188608e-01
6.111351510310123469e-01
9.210725986184220559e-01
-8.522608980884556207e-01
-9.831415716823357354e-01
6.060088802148548837e-01
1.760044236567370746e-02
8.948748147899190375e-01
-1.120866707476642077e-02
3.129830711755074990e-01
-2.730937262098942497e-02
-5.458291425320374035e-01
9.224305965006074359e-01
2.422157191334461945e-01
-2.303851356052690758e-01
-1.535117104613572536e-01
5.595246395108055548e-01
-7.073985834806029160e-01
-4.076818093040188717e-01
-9.210353862792193258e-01
8.676484888238749082e-01
7.590155206681117317e-01
3.311101038191479606e-01
1.872475872127270513e-01
-4.744306058599716547e-01
-3.117234910680046767e-01
1.172067825517071338e-01
6.699811819090029097e-02
-1.112722842050148930e-01
-3.119139130110251124e-01
3.436766920018281546e-01
-7.406947115626911771e-01
-7.801492278808732639e-01
6.867872093588163196e-01
-8.735721565912137887e-01
9.813219591638586703e-01
7.439155261593362045e-01
-9.795169927431237600e-01
-2.296293272767704341e-01
-8.376130395389032035e-01
3.775701178012580428e-01
1.061062139392865422e-01
1.809222140034918436e-01
1.952838386655204594e-01
-9.188234664308623234e-01
4.860349745750203176e-01
-3.441598264396283913e-01
9.882841544563736313e-01
7.332723337536473096e-02
-8.277646934823046365e-01
-6.798585973752646616e-02
5.731483045131029463e-01
-3.043257431394124080e-01
1.570845032622534276e-01
1.462836200706887357e-01
6.099024915896487098e-01
-8.450686383183361183e-01
9.703186863500545822e-01
-7.087532807835554838e-01
8.120588942922521980e-01
-4.677548494505023857e-01
-1.420084705851569762e-01
-4.058509238104037742e-01
7.946751991275473603e-01
-6.717685984404897503e-01
4.826006088980978603e-01
6.176153040961420704e-01
9.140736453759790159e-02
5.903388600608545644e-01
2.058163850909981996e-01
5.109481066474412803e-01
-4.406412635650605036e-01
9.731426691344613467e-02
-8.940372325578114232e-01
3.033851257709359039e-01
4.470037600634606534e-01
-6.456024264229198728e-01
3.420062476550134178e-03
-8.006310110240555389e-01
-1.199513309240152203e-02
1.763998110140125863e-01
-5.152149486704999948e-01
-5.612867686149707325e-01
7.862053025871491574e-01
8.666452744718577961e-01
6.192306728599679122e-01
4.990914817060094766e-01
2.700739852800579932e-01
-3.252098243697929547e-01
-8.543621137040879887e-02
1.233508694882434753e-02
9.356987893445256610e-01
1.558414637425193927e-01
-5.107621099619188421e-01
8.784093097400544892e-01
-5.208093520366008367e-01
7.063181390127621917e-01
-5.292417237840463251e-01
-8.938885220893364458e-01
8.906228448700337363e-01
9.740054934255444330e-01
-7.663144850380827489e-01
-5.762745533544353371e-01
-3.890831183102294588e-01
2.158919632249951537e-01
-1.287542990632628559e-01
9.991111407783586085e-01
4.298041556975771282e-01
8.146397297093759260e-01
3.732266578303433668e-02
-8.868282209629156920e-01
-1.448919251772551320e-01
-4.988265500384332363e-01
4.982624801990054308e-02
