6.894586161794109547e-01
-7.569324114455278085e-02
-6.178839004104985655e-02
-7.807146007308052305e-02
-9.419774883136939891e-01
-9.633744909036390247e-01
2.415797946178823707e-01
-3.295767574046259973e-01
1.329307289360515121e-01
4.594426945418592645e-01
-3.407296783894098180e-01
6.458207424957240761e-02
-2.368707507942431345e-01
3.090276097012178980e-02
5.265150421260815783e-01
-7.493279482894739107e-01
4.477000671169111268e-01
-2.235305602046495643e-01
-7.480227356595381405e-01
8.456614112050935272e-01
9.134693636632529312e-02
5.558689320801584177e-01
-1.582221257310210127e-01
5.325286722672688544e-01
7.306115455229611477e-02
2.539206725768667905e-01
-1.307521835318776748e-01
6.852582138598923844e-01
2.875826207946525770e-01
-8.703457926649031950e-01
-1.979439856315183821e-01
-3.258942820624615155e-01
9.037920891597888140e-01
-3.119762205305363079e-01
-5.107042327021265038e-01
7.826129607450815762e-02
-9.784198841310343120e-02
1.101035676778019390e-01
7.855330324159908173e-01
6.888732084317883420e-01
-9.195087648469437713e-01
9.032088750306999092e-01
-5.212480037768103536e-01
7.599514873019477257e-01
5.432472940039843046e-01
-9.046067492151421696e-02
-5.427721476642122234e-02
3.584904979055474339e-01
3.265408223549512989e-01
3.972101719066640779e-01
-1.916236947410363545e-01
-2.158050300674185795e-01
-7.876779881735114230e-01
3.750350203749630573e-01
7.857288955634045280e-01
-1.863542853069333205e-03
-5.535885240045606004e-01
-5.503618389599984617e-02
8.925074320773696002e-01
4.631150849387830615e-01
7.353020324774188765e-01
-9.437332239435085590e-01
-6.572042073050532451e-02
-8.125092120959580555e-01
-8.824890946942187675e-02
-1.402431506939090244e-01
9.727568771309511586e-01
-7.687973113174240147e-01
6.109216829199415333e-01
9.500272303791921225e-01
-7.088240596508481595e-01
7.945403506622243928e-01
-5.099069549117567490e-01
-1.628478535132105165e-01
