-8.326334622243569683e-02
-6.593715141905558408e-01
-1.109887738702366455e-01
-5.066935533582557216e-01
-3.868700882166826727e-01
-8.069378423639796960e-01
-2.803804285322133438e-01
-7.977345870691272545e-01
2.634975800474903540e-01
-7.241150933087485697e-01
-7.045210842085734004e-01
6.019460831823855163e-01
-9.038363571617520353e-01
1.777821170109523674e-01
-2.998155722901585385e-02
3.503088698175143012e-01
-3.916907106141773731e-01
-9.832773197337789650e-01
5.388495341242873771e-01
-5.248014258931545939e-01
7.992505169340633486e-01
-1.498485199386225819e-01
7.896698147430540882e-01
2.077831201818547413e-02
-9.988197471059721000e-01
5.690024664876145444e-01
-2.232611879839383473e-01
-4.178235767129101497e-01
9.982434334525724928e-01
2.129187673028529737e-01
-7.306536210976595225e-01
-9.073795912154780652e-01
-1.690782789950888709e-01
-5.923060931744241753e-01
-7.168277613591322872e-01
-9.039920654645023923e-01
6.546479115485821509e-01
6.516388366572292146e-01
-1.346810779606459896e-01
5.972843634657101219e-01
-4.054169347410789825e-01
-4.564349275332397760e-01
7.143955899785110475e-01
1.719333478091342737e-01
-2.054568426853187191e-02
9.665007717906681783e-02
-6.303302297385140474e-01
-8.409257600837929392e-01
8.971813411510949354e-01
7.456297427918388010e-01
2.894633304646507810e-01
5.461574984135573185e-01
7.504597802852912558e-01
-3.411376284670732950e-01
5.308743466087251228e-01
1.357594233572467779e-02
-1.536405123351516355e-01
9.255737566724302479e-01
6.516070625329852817e-01
-5.136927787086775776e-01
6.426316537475544877e-01
8.363916919557790042e-01
1.912796784214823020e-01
-3.598557219649813899e-01
-5.137806386206000830e-01
-6.950163761292535991e-01
-2.718492287422324960e-01
1.289438174211390287e-01
8.421609808381345097e-01
3.997277077246830235e-01
-6.567086309099861019e-01
-3.522906872339552908e-01
-6.495860262991914880e-02
-3.201817332878935662e-01
