-2.833042443063482629e-02
-1.350728267315546294e-01
7.670014897083865524e-01
1.370145155545321458e-01
-8.431931776925918332e-01
1.374989799501800114e-01
7.258483431580835532e-01
-2.310615192752571989e-01
2.611225188691872479e-01
-7.086194551631113114e-01
4.553258714609604851e-01
7.434220708404173372e-01
7.663051528342641472e-01
-5.953088020822350224e-02
-9.800594435594986997e-01
-3.157527038709384559e-01
9.809920119243318304e-01
-5.041131552088660150e-01
-5.715286446557072964e-01
-4.502198722986108237e-01
-6.292027050346926664e-02
-6.853893271505122620e-01
5.649684479715821883e-01
6.131472949816267892e-01
7.526337745496658460e-01
3.966031009921744399e-02
8.335228079133731871e-01
-4.136239801812551242e-01
-7.101341735171950997e-01
-2.979584521360778560e-01
4.063745385060542059e-01
-7.614485226058300693e-01
-7.451117972924004018e-01
4.633487273027090403e-01
3.267074726797021267e-01
1.675351967668381459e-01
-2.316203971470154332e-01
9.075361968777724275e-01
-6.223117459957003827e-01
-1.028843916375199452e-01
-5.003049584396903615e-01
8.713932353748565784e-01
6.272107875909951336e-01
9.318728131072053777e-01
-1.925489254899586111e-01
-4.399136129373946158e-01
-7.854842064472888907e-01
2.841227225611220319e-02
-7.267567277695479167e-01
3.656477250658050071e-01
-6.746682834755290958e-01
-8.656975666632549249e-02
-5.961972301481752723e-01
-2.864219784597734630e-01
2.351716799419503179e-01
6.604737511630314195e-01
5.747564199166903531e-01
-7.861972201295455154e-01
-3.695668015187199007e-01
5.176890577434980489e-01
9.920287260503599658e-01
9.360182546064856890e-01
-9.366852071517723921e-01
-4.149840667787889625e-01
3.315713095192076576e-01
8.265088294616340647e-02
-4.956548999081249463e-01
7.228191936732408784e-01
5.951224134223915829e-01
1.850783452568025567e-01
7.688717296567948445e-02
4.847323375205776497e-01
3.511293606910115273e-01
8.056739219545114850e-01
