5.387736684185429059e-01
6.673897216959412404e-01
5.258460800083908371e-01
1.695721626010719962e-01
-5.786854622306909501e-01
-8.307766153369577911e-01
-1.109106146946510218e-01
-5.660389638901426324e-01
-2.977300553287733909e-01
4.832366012939404154e-01
-4.680743212315394697e-01
3.779795311615896658e-01
1.022967945551278568e-01
-8.330930309239978904e-01
5.040677848822365803e-01
6.787785518712898813e-01
8.785860397350353512e-01
3.372064220787867050e-01
4.071727878968744996e-01
5.723194363086123726e-01
5.795788186775554518e-01
-5.985673345449127325e-02
3.989938424269816597e-01
-1.785329808590165879e-01
2.662686401211489251e-01
-1.509543316925323619e-01
4.072429614991577296e-01
-7.390556580833897993e-01
-9.810809761735650447e-01
-9.916742689151227808e-01
-6.443276283715571040e-02
3.173369237883096883e-01
7.413531305478908706e-01
5.164366728336671208e-01
1.325602767069160581e-01
6.055803991060397795e-01
8.238568628487417111e-01
9.421921663106878064e-01
1.772281654841636467e-01
-8.237032613376622514e-01
8.709285724213553515e-01
3.575869043096369104e-02
4.601602794428556464e-01
4.123760618915786047e-01
7.684958046142906785e-01
-1.123360909314818912e-01
-6.358729410160965934e-01
-5.826185015392184585e-01
-4.631718374215161305e-01
-6.890903398953669434e-01
-8.470455498055766697e-01
2.401334518420354946e-01
-8.341695838294425069e-01
-6.851618225819904318e-01
-1.493810050132813316e-01
-5.049289211541667655e-01
5.323201468428750971e-01
-2.272311860640154890e-01
-4.570932740695232699e-01
-5.401160213809363952e-01
-3.102440143448765841e-01
6.926939833857799211e-01
8.012328246978350776e-01
6.691734216597744478e-01
-7.091801317873400734e-01
3.028249447633226676e-01
8.871697472948454344e-01
-1.190622557015321714e-01
-9.468630302906604346e-01
-7.990195492656719800e-01
-2.115938812924000878e-01
9.192032604823952013e-01
-3.699118728263495193e-02
-3.510709828800426813e-01
