-3.949981262305901630e-02
4.045768044969038080e-01
7.892294467955571768e-01
-8.573190991002774819e-01
2.163253262184066106e-01
-8.464838393254892068e-02
-1.594092902048953597e-01
-8.519781975167688426e-01
4.712369457332723499e-01
4.809217271496069035e-01
-1.772960090553301615e-01
8.970893697492292596e-01
8.993230133638419055e-01
-1.275161874910879511e-01
4.737489905587541905e-01
-3.859164666490983997e-01
-5.239178388128817865e-02
-9.542575997888613770e-01
3.833999438434692042e-01
-4.466120413495620056e-01
5.079811918933456738e-01
7.246989605030473847e-02
-8.486504302361781438e-01
7.910989141442608119e-01
-9.320141900262393087e-01
-2.324095155694980708e-01
-7.308278916133814640e-01
-8.461583002243286966e-01
-8.831986612540094761e-01
3.805662789558952319e-01
1.984914923850731316e-01
1.546732042487131142e-01
5.476538499987972930e-01
9.166464472945667907e-03
-3.470009420624009522e-02
-6.581726620200289979e-01
-8.739696117090962613e-01
-5.326341390810351850e-01
5.627225317578214980e-01
1.951679229498659573e-01
3.322160355179952784e-01
-5.550907395446702530e-01
-4.695039377348662057e-01
-5.833289431777510803e-01
-3.976288495011230939e-01
8.283602810538310823e-01
5.201731020416655582e-04
-2.236882707127394454e-01
-5.305608300080453255e-01
-7.756406626557814654e-01
2.256017969573198556e-03
9.144767091017200755e-01
-9.892073295720282822e-01
-4.682912375063574828e-03
-8.730636646410128154e-01
7.341021701845511505e-01
6.448339234730819935e-01
-7.180060133176324744e-01
-7.425446126696066962e-02
-3.929893020838086670e-01
-5.902037458082023402e-01
9.350913405829825997e-01
3.550140406583359720e-01
2.571481095381527027e-01
-1.869050774323848252e-01
6.040674814274289428e-01
-2.752326136105498477e-02
6.579513040341966601e-02
1.763932073543614809e-01
7.731901086835766268e-01
-5.743841320243563420e-01
1.763626699790532548e-01
-2.203896889880474497e-02
5.983850906834957684e-01
