3.210915941409187013e-02
-1.961488428768494163e-01
-2.415981820134933677e-01
-3.621046319837895044e-01
-7.852123421812708948e-01
-3.093202803823276170e-01
4.600819681083170298e-01
5.909581805281254319e-01
1.282344477238317459e-02
-7.692642712611141853e-02
1.289174946333042637e-01
-6.204378163193773332e-01
-9.449287920116551387e-01
5.509543382438666370e-01
8.566590429679792340e-01
1.012447917161438671e-01
-1.943371941879241671e-01
7.486796772152639612e-01
-1.255243244013428683e-01
4.008950950097123211e-01
-9.131982070305875165e-01
1.747544395357261138e-01
4.064053538416301237e-01
-3.705211097174809787e-02
-3.669300901047607422e-01
1.625894546145085773e-01
-2.326466063635526105e-01
-2.439880609586324578e-01
-3.927469200339477329e-01
-7.326725829167979320e-02
5.077268830557908341e-01
-4.909556225674602814e-01
1.655456621345512414e-01
8.135334325224963248e-01
-1.590088945268428589e-01
-6.877392249958946824e-01
-2.189842809321884687e-02
-5.203541155901321158e-01
4.584239351350545277e-01
-8.662639375682368303e-02
-7.866677695758386157e-01
-2.401337896080146805e-01
5.934510552065606070e-01
-9.045960493220688292e-01
-8.768895878232991770e-01
-1.867419456256307342e-01
-6.365359241329342499e-01
-8.109193487319896754e-01
-8.876784517404086028e-01
-9.120805699784373388e-01
1.685824949825693864e-01
4.152074670998064931e-01
-8.503878044543591308e-01
-1.262064467120209699e-01
3.609429620088788759e-02
7.142587110709761600e-01
-6.405295082848898591e-01
-5.396182268555096417e-01
-7.791075942043033109e-01
-1.681573066018005047e-01
9.586474695162841009e-01
4.335706592018631067e-01
-7.114685888596778973e-01
3.915039466968872617e-01
6.538109721118396944e-01
7.705562638232790196e-01
2.844735463170171563e-01
8.424347937014171617e-01
7.799548454654627871e-01
3.975997240498760910e-01
-4.826860543086695099e-01
8.690287302118582247e-02
-4.267417753214479692e-01
9.218472101097838767e-01
