6.078664717058890332e-02
-1.590450805048755356e-01
1.342673271683427760e-01
-7.002599483234805966e-01
7.817326040734247083e-01
7.573231011454211181e-01
-7.906852405912851989e-01
-2.930002986320137115e-01
2.324991078294535995e-03
3.794551531744165818e-01
5.179980637099095286e-01
-6.212297349019586523e-01
-7.641306811363524076e-02
4.803205271644463981e-01
1.308939473675780896e-01
-4.646899975683571604e-02
-4.521564432760341035e-01
-3.019723676821206571e-01
-2.473870980715668910e-01
9.917363546784718764e-01
5.921115401765211228e-01
-1.185992994325721916e-01
8.839063663036053065e-01
-5.647239357225120049e-01
-5.931400991116122512e-01
-2.177345837139676998e-01
5.501706534038588448e-01
2.345513294321877051e-01
-3.322166076704216042e-01
-3.125619033787065959e-01
-6.753286787946162217e-01
9.229301423284519412e-01
-5.183304388590774803e-01
6.316425219504124833e-01
-4.845671494321075468e-01
2.467472427967833948e-01
-5.677018435281182551e-01
-9.874137624674679259e-01
-8.734800485078708654e-01
-3.881014759453873531e-01
-8.865236285696267426e-01
5.026362430491786437e-01
-9.998561598940138850e-01
2.585705589274904792e-01
2.824192761812716057e-01
7.818028374678704928e-01
2.794888888428848084e-01
9.658978166573952695e-01
3.212129907395688821e-01
4.228791040788548727e-02
3.487355014764974559e-01
1.167754012257575802e-01
-4.576401643400149766e-01
-7.938278196438264267e-01
-1.655736773560192443e-01
-4.924433322934349544e-01
-9.153703731587436998e-01
-3.714482638840337358e-01
1.170974342781858635e-01
-2.739638508379105275e-03
5.732160530969550027e-01
-2.300028312403545883e-01
-1.890317102205418820e-02
-4.945368128333282876e-02
-5.799656787183198325e-01
9.956888584638503570e-01
1.495270726433619579e-01
-5.455436646298623682e-01
-2.999236913347402833e-01
4.443133500286173820e-01
-7.842576426022516145e-01
-1.243662199979045369e-02
8.228262595702355853e-01
5.319782780072661588e-01
