2.557905057189868714e-01
-8.808068341552921510e-01
-6.081671437600990604e-01
-6.376311602207966889e-01
-6.327568939518897206e-01
-5.563320477884727833e-01
-4.969272109447826491e-01
1.632287102320173489e-02
-4.275260670057741130e-01
3.587646465526497241e-01
5.551718291775913361e-01
-4.279249074332664993e-01
8.502888620165949263e-01
-3.124620728672637959e-01
5.978625513945625691e-01
7.668907176902617362e-01
-8.256665095033766111e-01
-8.974171241280735067e-01
9.654923671260653428e-01
3.084545743590374478e-01
1.356444676307135833e-01
6.825849083282786722e-01
-9.023907802257591371e-03
3.401705893903630429e-01
-4.503668531915128170e-02
-5.951699532659353586e-01
3.248859373510235571e-01
1.449678071039661731e-01
5.818595337905643206e-01
8.680155328511753865e-01
-4.243476575532767470e-01
2.249607306943437468e-01
6.875863024841697424e-01
9.395858712009363956e-02
-5.009368803671525594e-01
-9.251589178651944412e-01
7.016020051261566692e-01
-8.485372334542449213e-01
-6.722002650815395164e-02
6.643327175737161472e-01
4.568534476000247757e-01
-5.117736088414863715e-01
-2.828707629177766858e-01
-4.488470961519448466e-01
-4.712105219103790432e-02
7.088384230222244398e-02
-3.829263939679334872e-01
-2.922891745258628937e-01
-9.244764741622850668e-01
6.573739115065670990e-01
6.147025597759383508e-01
-9.740335214861604030e-01
-2.743785486448395705e-01
5.239383019509082917e-01
5.754124744054036622e-01
-1.804872631645977332e-01
8.884649928929191365e-01
1.347639299278213798e-01
1.959009621200471507e-01
-6.792621167613721589e-02
6.371457964849245315e-01
-5.400031633869752934e-01
3.235384826507223810e-01
-8.388356427005956295e-01
6.209285501208183788e-02
5.009329629442655918e-01
2.290642561634537167e-01
4.679574024815371658e-01
-3.291298240585798229e-01
-1.640309557978461008e-01
-5.478815646590300403e-01
-3.383007871407555101e-01
6.271330843364557595e-01
-8.428621013260564343e-01
