3.965366668713543596e-02
4.018664118934371920e-01
-3.336171942583576744e-02
8.952467488842419385e-01
9.615788593792566896e-01
-7.546603348866667282e-01
-1.793290511864495951e-01
4.647053369213940410e-01
-3.399321318867272179e-01
7.767155290698835035e-01
6.141170066533285787e-01
5.544966231320098693e-01
-5.142312688500203510e-01
-9.092252079235936257e-01
-6.943247795588296523e-01
-9.353111035169032750e-01
7.918085737415763159e-01
-4.491479261834341319e-01
-9.804546296614664591e-01
3.454186653014474917e-01
7.274103116712347106e-01
-4.950941839571789682e-01
-1.039619798183528676e-01
-1.745906394529641581e-01
7.349967587992944917e-01
-3.505768057278619843e-01
4.831571566740839874e-01
3.175129293354195248e-01
-7.274242740622383074e-02
9.896191421970437219e-01
-6.955107359926142596e-01
5.292330813834578151e-02
-6.350364428417911711e-01
-8.878899479716735321e-01
-1.214702722422604797e-01
3.218542213676172103e-01
1.321971973816724599e-01
7.345521086154054302e-01
-9.332895044157691888e-01
4.369201858944182781e-01
4.265258744740716423e-01
-1.125675084111148472e-01
-9.802525658909992945e-01
-8.060146674174801795e-01
5.264984621372037488e-02
6.430335010687153741e-01
-8.834178223656634632e-01
3.983114179980915548e-01
1.126574605397172579e-01
8.556386333591268212e-01
7.908427176122889701e-01
-8.418666597234958360e-02
-4.291535670899220278e-01
5.843962177778863065e-01
5.020626259828830928e-01
-1.749352264787418232e-01
3.843476095949318605e-01
8.440141755271834967e-01
-3.470363047136313384e-01
2.025675655284548959e-01
-8.855234212414431205e-01
5.151717087288720798e-02
-7.203965648929075982e-01
-7.097164591970517300e-02
7.123298779909499334e-01
4.904165569125464863e-01
-4.952465489985946601e-01
7.588443744716253381e-01
2.131140115414531522e-02
-4.372645244392965314e-01
5.750416129283066891e-01
9.493309417451167853e-02
3.148328419776615927e-01
9.814267498450457428e-01
