3.139032608050404960e-01
-2.823653716571539185e-01
8.499247389385917728e-01
-9.942013926028274717e-01
7.807295589041696182e-02
-2.431092615146062119e-01
6.825128624889442719e-01
-1.190176360169095116e-01
2.092126969579322093e-02
-5.649285151773464353e-01
5.129242308295420827e-01
1.593527964162990695e-01
3.635543804166108117e-01
4.941286474559674069e-01
2.655866125934687183e-01
7.799511267530210290e-01
3.043623643329689266e-01
-7.958343438783810342e-01
-1.821018805131100482e-01
1.084184795131637458e-01
8.403278022205127318e-01
-5.096078893352329331e-01
-3.908462801524659191e-01
-4.116862929068632049e-02
3.826796770106026813e-01
2.556865071217386820e-01
-4.936420279573778824e-01
-6.492835889392645221e-02
2.441307869371684980e-01
-1.080896147506826832e-01
6.143930321344608370e-01
-8.532585558317733465e-01
1.273938672076884160e-01
-9.739296565631052616e-01
6.699883568349438434e-01
-3.410268314891198305e-01
-9.013985212441666395e-01
-5.166119692383064343e-01
2.781193875489118561e-02
4.942031891455258563e-01
5.278823494817466155e-01
8.691216402052190926e-01
9.570289641381741763e-01
9.753289115340852966e-01
8.985240277105261963e-01
2.022425655460924343e-01
2.663202809262439352e-01
3.559519072462109524e-01
7.425820861325720390e-01
2.157792375896774306e-01
7.506730244922590334e-01
-1.049213444691905472e-01
4.691338449634123720e-01
-2.430608920812924456e-01
1.625709436229816340e-02
7.667431966930737808e-01
8.117814956397033654e-01
4.073636863527589913e-01
-8.674441177303033879e-01
-9.191939688183019541e-01
2.369003667514322231e-01
8.183873990727292824e-01
4.116110008963214106e-01
-6.139132965488358629e-02
-2.365946688739928305e-01
-6.651658299215994496e-01
-9.326191857106898020e-01
4.329854599307678686e-01
5.967229247400194225e-01
8.048400409624072438e-01
-6.194638943264327846e-01
-9.647468060731141382e-01
-9.576197689701118065e-01
6.462453359110020834e-01
