-7.520229500676260948e-01
-5.595889920820384944e-01
6.349029859067611969e-01
-2.188984278115413407e-01
8.183560256124047250e-01
5.993838932214390347e-01
7.168709735837630603e-01
-6.434965939285608449e-01
-4.385981080218410710e-01
1.995687134081485237e-01
-2.165628185810732909e-01
5.401796950625326055e-01
-2.280496522798827197e-01
-9.798576332956665524e-01
2.617558074079018304e-02
-6.940653714219138237e-01
2.034776326630325372e-01
-7.662264041971948991e-01
-1.294801540020358299e-01
-7.098760269157549097e-01
4.428963003797870002e-01
4.715089240979137841e-01
1.788542588728199156e-01
-7.540557707369526241e-01
-9.382472344061929537e-01
2.153656042596248099e-01
6.157454710598331271e-01
-7.053944425036304811e-01
-3.956054677204736691e-01
-2.231763319195485540e-01
-7.191392631636868149e-01
6.391695514363910924e-01
4.126007562237485882e-01
-2.129863053736367196e-01
9.505033376666600642e-01
8.798414920324761912e-01
-7.609826404515158682e-01
-2.586888780219820383e-02
9.613712914909231522e-01
-5.809801018306774978e-01
-1.866857398043464400e-02
-8.041634005765629922e-02
-6.471639498570946891e-01
-9.211204965111177145e-01
6.757898212559456663e-01
5.828806561057207070e-01
2.981711288581960773e-01
6.175790267880971740e-01
-9.211880966425209927e-01
4.473424488367336860e-01
-4.902457394787920197e-01
7.708289240185990376e-01
-7.152079372425468318e-01
-2.816583900243472272e-01
1.133437646698087775e-01
1.767482081710134434e-01
5.642137582543420571e-01
-6.800807107194537515e-01
3.309231780035502002e-01
3.255125363541360173e-01
-3.696007052383143421e-01
-8.134609276439732639e-01
-6.235205047082352792e-01
-8.707949486226174152e-01
8.399642880299860170e-01
-7.107490246318608484e-01
-8.415949022610629271e-01
-1.277689224777889265e-03
5.749358024541364465e-01
-3.351434605534338029e-01
-8.873551089568967321e-01
-3.258385865554145333e-01
8.995475682774245474e-01
-6.027292366447754013e-01
