9.660050348559909850e-01
-6.726589678532157723e-01
6.573004793300567528e-01
1.293252376099016665e-01
2.235473018594431593e-01
7.475273154326316227e-01
2.091979075156515933e-01
4.778700220220886141e-01
-6.538583341201376076e-01
4.791197322173901263e-01
-8.230469857920772458e-01
5.184739106520153129e-01
4.102607795610335728e-02
-2.441959386728316250e-01
-1.850284673561213289e-01
-2.527219129438753598e-01
-4.649110358285841738e-01
7.119284069566160777e-01
5.682441788681960038e-01
-7.204661583815707981e-01
-9.708933101208261363e-01
-6.437499792102250318e-01
1.069719361883048059e-01
4.410596924169960520e-01
3.065164203923127495e-01
-7.576839124863530284e-01
3.704559867576540100e-01
-1.892582465868022368e-01
-6.729338949378642631e-01
5.528502584756471716e-01
-5.913883952935281574e-01
-3.465719008971019921e-01
9.385831828698776302e-01
1.568973138986384797e-01
6.201679276344522762e-01
1.689048039793188405e-01
-3.787740519917341953e-01
2.672418112003471791e-03
-1.635007635679770477e-01
6.633904495891362885e-01
4.370961413204710322e-01
1.640199543583436004e-01
3.730251050629702636e-01
-4.569089220978470589e-01
4.494867448431199008e-01
-7.125127714770667087e-01
5.894696722039214354e-01
-6.862112257236925306e-01
3.463454443268574323e-01
-2.548742042266769481e-01
7.258867321397088901e-01
6.597434676589868374e-01
-6.429132535521553393e-01
3.092533570864826054e-01
-3.909668447028358251e-02
-9.242958310017568291e-01
-4.725705467039758023e-01
-1.525566642958131602e-01
-8.286233006444783111e-01
-8.168139745448250721e-01
7.643570771934597996e-01
-8.388422425844537234e-01
-2.703822042250756397e-01
-6.698506876814012134e-01
5.856662611207015257e-01
-7.495483322284919314e-01
-8.965997527607822981e-01
-5.141996892447764367e-01
8.158183956292788253e-01
-6.515965884566954358e-02
-6.431294133212324127e-01
2.996823457245483269e-01
7.886516091752164836e-01
8.754263500462280412e-01
