-3.638847661480510975e-01
9.341327207378116171e-01
9.804676027323613319e-01
6.674902552586670090e-02
3.629171136070739045e-01
8.984798260401734016e-01
-1.300173141555049927e-01
7.839165128756069301e-01
2.226419277274689357e-01
1.810913542507373020e-01
8.258525698820029515e-01
2.427200758528114122e-01
3.068222320174911477e-01
-3.228161757540524146e-01
-5.640872243354468907e-01
8.294461865246829380e-01
-4.046668500078605124e-01
1.502890347713603525e-01
-6.578566281285751494e-01
3.085446535858955563e-01
6.575972162217820216e-01
2.697072918818954612e-01
-8.063811343518763053e-01
5.731244169319220649e-01
2.597190976366439141e-01
-8.378448551040451608e-01
2.948717744093021231e-01
8.818725329586631911e-01
7.335238311786766996e-01
8.864152531259452683e-01
-5.165206206255330557e-01
-9.985308676607718148e-02
8.346542602582180947e-01
3.648131713672551069e-01
1.820391501351081853e-01
-9.654089771165113021e-01
7.482061535255772888e-01
6.367651514014749381e-03
3.010989213330701464e-01
4.588166176535000140e-01
-5.314015249976631328e-01
-7.144281013769917532e-01
8.344833752760254519e-01
-9.896901101428767777e-01
-7.000311094754494423e-01
-9.227607390073646609e-01
-2.459066902959741174e-01
9.613001473014373133e-01
-1.433979933791931227e-01
1.426028918775732457e-01
-8.957181170496295586e-01
-9.961567338439016872e-01
6.785899830145956102e-01
8.857793208405606578e-02
-4.088971510275074550e-02
8.737278275170043962e-01
7.069494886444549486e-02
-7.201872926597034930e-01
-6.522561552756607206e-01
4.738905543802878206e-01
-2.786560383301301957e-01
7.846265535298664329e-01
-7.881876517829868867e-01
-8.120665140568994467e-02
-7.765114844199572097e-02
-9.765728300578737642e-01
1.751739771525930855e-01
-9.674837993986848961e-01
1.794330013078093700e-02
7.864730882198722739e-02
-8.119170798865620320e-01
-6.421176034681135292e-01
8.379929842814530794e-01
7.260439213478653286e-02
