8.635966383691784376e-01
-2.198667388599255812e-01
-1.560248789383813506e-01
-4.260990853813224621e-01
-4.117359008268937082e-01
-2.475638464221410207e-01
5.180232015080754593e-02
-8.632838623324841087e-01
9.007582506944857847e-01
-8.922506751706225092e-01
-4.539051907889284365e-01
4.110328170730543906e-01
4.846671297749165497e-01
-8.580408144477338350e-01
6.611546742061946702e-02
5.559604985282378120e-01
3.829129545304046367e-01
-1.892200818820464203e-01
1.529353329901166347e-01
3.276682145183218431e-01
-9.052220368394350292e-01
9.935904164446474063e-01
4.140043197181886292e-01
-2.738587167054407079e-01
1.765105000688185211e-01
7.482152709363365517e-03
7.552123364345275647e-02
3.994907296010832276e-01
8.127384268469124429e-01
-9.810314613600323863e-01
3.842128963765214511e-01
2.446930285393766891e-01
-5.532014096402249059e-02
-7.729750002153989996e-01
5.395085985666614459e-01
1.560795486877333271e-01
4.137233445085897188e-02
1.233086692408074114e-01
-4.622912103287684094e-01
6.612394128508858326e-01
2.589841054177903779e-01
4.201226042223851209e-01
-4.356352168466766095e-01
4.865797350961511558e-01
8.260923865226039720e-01
-1.076980387312578280e-01
-2.220362332468110989e-01
5.749818644891413477e-01
-5.965336586412612885e-01
3.887904274363271906e-01
-9.039989134203822996e-01
1.650543509236208628e-01
-1.985204896785262019e-01
5.463598810093373004e-02
-8.775196616420863904e-01
-7.974332350058754848e-02
-1.428842735414890264e-01
-7.472193480488167339e-01
6.075655566856774659e-01
-5.082215222761992113e-01
1.334716540138445318e-01
-7.350825203819555398e-01
9.150225346252354175e-01
-9.249039462370369780e-01
-3.357108867562725862e-01
1.828958472973718496e-01
-5.518972679705029805e-01
-7.961001590029470609e-01
-8.224797258870095717e-01
7.555773221031067965e-01
4.080609356597220128e-02
-1.443520081943940880e-01
-8.251930113756946739e-01
-8.348463631370985905e-01
