-2.182098023818783705e-01
6.955314533011058842e-02
9.374299940744568183e-02
7.591053198624697629e-02
6.001160412971848768e-01
9.023609717613156889e-02
-3.251706043849189598e-02
-4.558678281132191312e-01
-3.425459878885819265e-01
-1.863761389355789166e-01
1.886957275172349568e-01
-2.863026834214839056e-01
-3.705656859159234262e-01
4.760616472865435433e-01
5.477192101211392217e-01
8.701315689504283135e-01
3.484725712750864624e-01
-1.331468200030017091e-01
-6.811249975169517690e-01
-3.345275446656481577e-02
-2.491570798072217929e-01
8.163958909545072640e-01
-8.522707371624251849e-01
-4.997489671629586905e-01
2.019545426106479358e-01
-6.589964025124315228e-01
2.009359927764720055e-01
-2.417206102553635105e-01
-7.688752087260233292e-01
9.406293215998491331e-01
9.225568482554180605e-01
8.721527125410128978e-01
9.758165197244668132e-01
-1.259654279668942500e-02
-1.965139191262856855e-01
3.757990921006066909e-01
-6.789225474495985679e-01
-6.146902676435399560e-01
-1.578787416487701378e-01
-1.009599868223993724e-01
7.144384743071396926e-02
-1.884982951674638585e-01
-4.232290287968576425e-01
-8.528138139700964793e-01
7.388840661269386878e-01
6.858752694962777507e-01
5.712143068978869920e-02
-3.029636148751944091e-01
3.432273189755257192e-01
8.620115983702327789e-01
3.503494255106911481e-01
-5.506714872425837459e-01
1.142546276226741320e-01
7.291487043325501904e-01
6.737526659076411573e-01
-6.806030004869387806e-01
8.071121856174332532e-01
-1.512010136264556603e-01
-1.914658906126431859e-01
-3.335189951310038037e-01
-9.182732167248364163e-02
7.830035225916762709e-01
-5.674761418826148596e-01
7.436514376975447149e-01
6.442226125959065186e-01
-9.903824803947691713e-02
-5.889470448745242059e-01
8.280922206356782223e-01
6.046212524577030401e-01
1.318147264344693426e-01
5.691845944683444625e-01
-5.966032165734236337e-01
4.957209531189170626e-01
4.205160799512241976e-01
