-5.698005797282947871e-01
7.810931411142216785e-01
9.064442958348766233e-01
-2.501129134306636637e-01
9.456381253899697192e-01
-7.907401304744554604e-01
-7.760430208567150601e-01
6.317318190709506620e-01
-9.289875500419602083e-01
5.974608605809765827e-01
9.033911718524316736e-01
-2.675573039855445590e-01
-5.158690941662649188e-01
-8.952289200856959894e-01
9.045522556032854489e-01
5.817072840939023770e-01
3.615491187996433542e-01
-5.321230869705639854e-02
6.512794883611918717e-01
6.208838590363314758e-01
-6.511207869624089373e-01
9.413008396454609628e-01
-7.337243873003682637e-01
-7.454260357329849374e-01
-7.230315632580044394e-01
7.497469561844660735e-01
7.369072883951817143e-01
9.857756099623746771e-01
5.306406233463389910e-01
-7.802078886338992270e-01
-8.730809886036345890e-01
5.188619388169068980e-01
3.193606554171897205e-01
-8.342039186259819772e-01
5.132011554032973599e-01
1.031840042632348187e-02
-6.494109545868096411e-01
-3.955694645025582545e-01
1.006605909361562023e-01
5.473362903161491655e-01
6.719336038797905086e-01
8.772981867448328419e-01
7.674129147809438667e-01
7.266024485713298287e-01
7.465141340121079772e-01
3.282258874183414665e-01
1.996868437299645915e-01
5.176232523730368573e-01
-7.766171643274988323e-01
1.797008368027408487e-01
2.705494183599881364e-01
4.899812813358894736e-01
1.807997338813125410e-01
4.000315316567668589e-01
-5.907091121433973857e-01
-7.574416793224734157e-01
-5.023229513194182871e-01
-2.643162149314675080e-01
6.891846777385794987e-01
-2.117981182389281347e-01
-4.530151997755347271e-01
7.096463416028142568e-01
-4.369730049105844394e-01
-9.194732202487809758e-02
-5.405832257159197685e-01
7.152022984840069597e-01
-6.133303199455908405e-01
-8.535998447659671751e-01
8.879031891288780010e-02
-4.378463506176899500e-01
-7.039340092819157402e-01
3.845170307439560453e-01
-1.303918252444069559e-01
8.794270101248780058e-01
