3.964108970279101030e-01
6.578324849574825883e-01
-5.316423667874301540e-01
2.124565059625036501e-01
8.324590608062538699e-01
7.833154637645372009e-01
-8.098724263948362534e-01
-4.511833378408125483e-01
6.133313198440975000e-01
6.943746839764641798e-02
4.092913069241115309e-01
-8.002145391799011520e-01
-4.363879731168607279e-01
9.148120609506460443e-01
7.189189097828414532e-01
8.449278964991528973e-01
-7.758422375444933294e-01
3.957536930218243931e-01
-6.175221796276368913e-01
1.563494621169227994e-01
6.949819272785904278e-01
7.376357889469808971e-01
-7.891170054075700158e-01
8.104969491832696438e-01
7.692659602044431555e-01
-9.102077447254279807e-01
7.310645216287476877e-01
1.206720554957796399e-01
-9.236966958603238798e-01
-9.579666105077795368e-01
3.371271694165907107e-01
-3.060413427602985958e-01
-9.360169010872243511e-02
6.085770126704763694e-01
-2.547768548030824309e-01
8.869874084586009122e-01
-8.266103077414179712e-01
4.826592273581264969e-01
3.710606388771182651e-01
7.525024560982149779e-01
9.334998842305768374e-01
9.615905908934441193e-02
-9.454013876946829598e-01
4.571728016135612194e-02
3.545699186343209686e-01
-6.893392303073726524e-01
-9.437168329700340585e-01
-7.034288758054823010e-01
3.542199425887897490e-01
-9.357494869965641282e-01
7.330932403134970965e-01
6.448637099879510615e-01
-4.577208142853983475e-01
-8.403251424810900261e-01
4.745319246140859981e-01
-5.011216089048891043e-01
5.064726676057413890e-01
-1.311925914788081293e-02
-1.498531171509749349e-01
-7.133719255740125220e-01
2.582223523997226877e-01
-1.262276019070276423e-01
6.728298939514476551e-02
5.879990564735075864e-01
-3.489229126890256438e-01
9.498012670699054194e-01
4.942477097385202800e-01
3.625238188543729034e-01
2.580005623465051467e-01
-8.991677484763160866e-01
4.573497520407019401e-01
-2.659503850223976507e-01
3.348460266045418798e-01
-4.477006127827021231e-01
