2.231455862238682641e-01
-7.941972871725142546e-01
-3.370141212533530606e-01
-9.548629653638880388e-01
5.223500468864965551e-01
-6.435440712358677651e-01
8.919637516591070181e-01
-1.191804122513653308e-01
1.958947415366623090e-01
-5.372447554642139078e-01
-1.727958952331933862e-01
-2.554569702205911064e-01
-2.156099659198327245e-01
9.182026144488593111e-01
-5.214360412504777109e-01
-8.062326076914605455e-01
1.077951305168682872e-01
6.716638670812824508e-02
7.785107989458550648e-02
4.578268164514049943e-01
-5.000485211401590746e-01
-8.606863781067046748e-01
5.692580058893610406e-01
-6.991279971531418891e-01
-8.464069232473094839e-01
8.815901459155215392e-01
-9.627039274500344135e-01
7.386147719714002413e-01
-2.849244334295242265e-01
2.517026822671315500e-01
-8.778510282202547366e-01
9.583720598761291676e-01
8.904403220680567888e-01
8.392226804871179002e-01
1.340448471621125126e-01
2.047694111160920372e-01
1.108329477150939990e-01
2.761555510112629896e-01
-3.981388569518971021e-01
-3.966544854379234764e-01
-7.922345598323989879e-01
-3.432975918245930735e-01
-2.760037955673591004e-01
9.918179916971603394e-01
5.723964251282336324e-01
-1.399596631453019491e-01
7.381470302773676107e-01
-5.081161033544820960e-01
-2.856379519840579473e-01
6.560581494657986568e-01
-7.993697926275742383e-01
6.364594918662846990e-01
4.445739798275787358e-01
4.175433727737263290e-01
3.626121826926707037e-01
3.606924793310737343e-01
7.178724800372655590e-01
6.756029216994410280e-01
-5.822898762760368996e-01
5.340439339429003951e-01
-9.785070740316099691e-01
6.213051143109284968e-01
2.734892362237923980e-01
4.092911089841071437e-01
7.133140344421509127e-01
-7.327771898882695645e-02
-3.156438691025651444e-01
-3.652596830346332979e-02
4.694610778191496969e-01
4.655648043262816671e-02
-7.901494468156098350e-01
6.390575186612368341e-02
1.499846457941158562e-01
-1.799811272042437515e-01
