-1.014181774378346557e-01
-2.494930562515891292e-01
1.082799619180851991e-01
-6.452015851570007676e-01
2.558350707164243065e-01
-6.169928105727284784e-01
-8.385530665817593210e-01
-1.988883421593641287e-01
7.062648255903463124e-01
-9.002453576338220742e-02
5.948534048249685124e-01
1.339916487095642594e-01
-3.098401883079022756e-01
8.136237599391404895e-01
3.467426514956737371e-01
5.392748068712620579e-01
9.531163082977229806e-01
-1.747041115540721723e-01
-3.457611167062935031e-01
-3.594467804342560413e-02
-1.660967952906722278e-01
-4.510459967942375137e-01
-9.994882746295734588e-01
2.851211687006141027e-01
6.420390193706611015e-01
7.048713306937506307e-01
3.270027240646249389e-01
-7.729077372916963728e-01
4.672651264200129440e-01
-2.224762372269613042e-01
-9.380162058041421336e-01
4.770745029275047511e-01
-8.155915684246883846e-01
-5.860064981498389614e-01
5.158353176089980341e-01
-5.263528074637346954e-01
-9.808409500396930714e-01
7.596608544193241830e-01
-4.482426711272651243e-01
1.166836017078545229e-01
-3.099581555721109272e-01
-8.857753078554297943e-02
-7.974150292434631915e-01
-5.609690327709322410e-01
-9.638960347526084327e-01
-3.236904008268022270e-01
4.105727495585904663e-01
-3.340703796488335708e-01
1.866861421744232530e-01
-3.786747187820074245e-01
-1.385552862565841981e-01
-2.971839578308577146e-02
-9.442614356784617691e-02
4.478388953204450740e-01
9.664245909806030710e-01
-8.977164608850340954e-02
4.279137370324568312e-01
2.889951300174078419e-01
9.594832254722724940e-01
5.080305652306524866e-01
-4.146078946489806238e-01
-6.285150080941614981e-02
4.972480802153602664e-01
2.478788091317847275e-01
1.988633651444264849e-01
5.660454349975281296e-01
-1.418702749780154093e-02
-7.387979938785680378e-01
6.382841437130311046e-01
8.106592927463471820e-01
7.958366851554365962e-01
-3.204116164476096262e-01
-2.596965583170363079e-01
-3.021397251608970436e-01
