8.174111149957927758e-01
-9.247547625584235931e-01
-8.282590736334449755e-01
-2.690330823697033580e-01
-2.136852482837883205e-01
-1.709459834460069771e-01
4.502400775273596167e-01
7.642434740616197431e-01
1.446580623202380345e-01
-7.458613576607129314e-01
-8.881566180240245689e-01
-5.643079840342621889e-01
3.881792950948961263e-01
-6.631241321829692836e-01
8.787425439964333673e-01
-6.488405877230529750e-01
3.942703203453730154e-01
-1.046865509446452958e-01
-7.851212396276867622e-01
2.366854304186638558e-01
8.698332358613509729e-01
1.590413277455156038e-01
9.353491468497634465e-01
-9.176248220795291122e-01
2.639943829201341075e-02
7.271013734426303721e-01
-7.219880943132659379e-01
1.607193392792973796e-01
-8.275612859516086051e-01
-5.020721608806733016e-01
-7.181493813659938219e-01
1.543067010830685426e-01
-4.715445334307921676e-02
-9.030456532028263705e-01
-6.321466673484892329e-01
6.005152128375765841e-01
3.922063810564317965e-01
-8.433645361699633192e-01
-1.846329867757066090e-01
8.895035623140676861e-01
-6.506197561793869433e-01
-8.232967741397434480e-02
-2.522100750878404352e-01
7.200088350651583369e-01
8.207635314089687384e-01
5.293076565329448702e-01
-7.802973066110538980e-01
3.359468319409923964e-01
1.295917364985783582e-01
1.842523933135171710e-01
6.973483291800810502e-01
9.254541193699268309e-01
-8.329239848119642797e-01
-5.830616619292805503e-01
-5.572656287164781119e-01
-4.501584937786351492e-01
7.920041271200726207e-01
2.286491964969781243e-01
-7.028223313430941310e-01
1.922629101241086769e-01
-7.120900325889791826e-01
-9.257560828864648261e-01
6.484954816289782986e-01
7.004301927946896544e-01
4.709550619159366125e-01
-4.913450886256804928e-01
7.772023614528826840e-01
2.198690784590153768e-01
5.448806618476382813e-01
-8.580939159568017338e-01
-7.198768630519891687e-02
-9.118295563959131211e-01
7.379742729470406548e-01
7.318306729647194864e-02
