1.725960817132830005e-01
1.353870552914933079e-01
-3.812204750819530030e-01
-1.885267412511670848e-01
-6.745335978913151731e-01
-7.437468432143021779e-01
-2.194408675023451494e-01
1.514426354010371956e-01
5.684637949077182562e-01
6.038610916875006840e-01
-3.270161347443021338e-01
4.141422943922212774e-01
9.450420394750487230e-01
-3.289965459693038330e-01
3.597244557428034284e-01
2.121262246228168280e-01
4.704047200507126547e-01
7.271033038297729512e-01
8.934385397474386981e-01
-2.301594046461408194e-01
3.232541307985157264e-01
-3.372048799409088637e-02
-4.019180615105348853e-01
4.555854773298200211e-01
8.518240345092302768e-01
-1.556368373449468212e-01
4.745634842820822819e-01
4.471351173634370291e-01
-6.478643579720873014e-01
-5.528024003653173590e-01
-3.129546524834125876e-02
5.355544574579536032e-01
-3.570393204990052194e-01
-2.182594769143404445e-01
-2.742512473009821594e-01
-1.792500581323321907e-01
-9.242052791806802947e-01
4.624743112417339930e-01
-9.796691205459542306e-01
9.790817898856136736e-01
-2.419311885552999364e-02
-2.625522688728796350e-01
8.294699138467220845e-01
1.483976383848688574e-01
-3.397005346273280768e-01
-5.962432599291598301e-01
-6.638554349550112033e-01
-2.865235465208042509e-01
-2.323449692100876263e-02
-4.855754923382269439e-01
-1.600263496237754879e-01
-8.741600357361951623e-01
6.830045383195315623e-03
8.385581057963724660e-01
6.681233140191071840e-01
2.522042812413429758e-01
-6.227715375050588698e-01
5.301088965377043216e-01
8.891164407740359543e-01
5.462857614044209775e-01
2.005842875517933610e-01
6.154613250358895726e-01
7.305463731193226895e-01
3.174865556467683092e-01
5.859504561120010280e-01
-4.696432115728099710e-01
9.949411679553910037e-01
7.519550437828681488e-02
1.214954159733470096e-01
3.654696439911109263e-01
1.893655468262966934e-02
1.836209373939996503e-01
6.162098258149617536e-02
-8.034353831500735676e-01
