-2.327716490455062903e-01
5.622427188305647583e-01
1.035700475069833981e-01
-1.307664756661164329e-01
-7.041565815698116459e-01
6.511202972457419413e-01
-7.148636335837585953e-01
1.222633024500370258e-01
-4.672832578209267229e-01
-3.198429967833436027e-01
2.958094322998250369e-02
6.233034993139090485e-01
-9.194966864596978429e-01
-8.953388998917564123e-01
-3.503847129851245246e-01
2.975600280397681097e-01
-4.463192031921419112e-01
6.455846108676623896e-01
-5.797028558558967593e-01
-4.790877209783572788e-02
7.323487547593490188e-01
4.338774104706237811e-01
-2.955893716364224044e-01
-6.494196789498931643e-01
-6.213487659010881181e-01
7.735642339977464310e-01
8.975290714726789076e-01
-5.955474647067893201e-01
-6.299027535707435455e-01
8.699004501751987917e-01
-1.793175208126613907e-01
2.061545288575776791e-01
-3.859969489353249905e-01
1.528878616484299346e-01
-3.047721210364759958e-01
8.877631278756448197e-01
-7.178432853394167701e-02
-5.262949386393100948e-01
-5.072663744149725762e-01
3.709901355154288094e-01
-8.244701009202861641e-01
-1.714102558462162751e-01
7.135412035988304424e-01
4.607168311524245663e-01
9.526079335843566920e-01
6.006951498746144757e-01
3.073438535507417857e-01
4.972001806960226755e-01
3.407513945517572918e-01
-1.275272933794795449e-01
-7.748460850930103394e-01
6.466839094593110904e-01
3.051214250266938155e-01
6.682827986433996781e-01
-5.329222096733410297e-02
3.742288080463063160e-02
3.480787961157605359e-02
6.832027285719268761e-01
-3.006389345656739209e-01
-3.213005338589940418e-01
1.525500941842663494e-01
9.169326499819134835e-01
-6.549307800974368821e-01
-9.899668520246693859e-01
-8.427045627269555972e-01
-4.554721420630065687e-01
8.617069115164759374e-01
-5.800917349407290757e-01
-7.068653580004062853e-01
-3.970419792245654111e-01
3.106287321928555833e-01
7.892604849147062396e-01
-1.582170942171980954e-01
-7.831979916051432511e-01
