-9.801927702312009938e-01
3.194647575232076875e-01
-8.256361026614511545e-02
2.378020104973850302e-01
-7.114528383261644606e-01
-3.342348831633794592e-01
-6.611042443182737482e-01
4.641305879384778343e-01
7.475591196172839403e-01
-7.049953626371845417e-01
-2.027198664098501801e-01
4.706562104103806377e-02
2.933473647465010270e-01
4.490828835879165926e-01
3.306893076779819918e-01
-1.094566829560488230e-01
7.219937194944041625e-01
-4.382366618346833498e-01
-3.415042706304691755e-01
-6.969876079492851595e-01
6.622410920238119836e-01
1.099366025900458954e-01
-6.419183925666740453e-01
-6.948350061729646754e-01
-6.662943707588189213e-01
1.637952068566110864e-01
-6.463682041709537529e-01
-4.976411785289194256e-01
-7.551259050242515869e-01
7.059933493328103271e-01
9.157585435194077750e-01
9.699233744724349293e-01
2.133956917151094146e-01
-2.135539982407002046e-01
3.097441295195697553e-01
8.718076711404532109e-01
5.381317430514047651e-01
-1.081754524831404218e-01
3.381590502455174008e-01
-6.282628942598849076e-01
7.570886231083606699e-01
1.065446620000756184e-01
5.758109789713028448e-04
-7.040114913877983938e-01
-4.736542620288612948e-01
8.236003505578826100e-02
2.244230417388002330e-01
3.644180458974475290e-01
8.524781988181868719e-01
-5.867379362357865169e-01
4.010688922577054782e-03
-5.162786366588583142e-01
-9.431260921287099031e-01
2.760419707036581016e-01
-8.944645563747162242e-01
-8.109971459972125096e-01
2.201373085358007131e-01
2.937237521328661671e-01
8.524442357446733176e-01
-8.269682749085858209e-01
8.474649358848320713e-01
-9.922101942899821392e-01
-2.271184308085583137e-01
4.723331219238371403e-01
1.918153678067562318e-01
-8.247656243569274626e-01
5.355805690593271606e-01
-3.877155595103747299e-01
1.239953602662069443e-01
1.441666513360981838e-01
-4.965731488920872572e-01
2.155712413066255273e-01
6.297655921323122019e-01
5.461590533301841077e-01
