-1.783267149195224555e-01
6.070939645744850566e-01
3.484080078540099379e-01
-4.520178836876376227e-01
-1.722098530049736009e-01
-6.543671100040007182e-01
4.639294632868300461e-01
1.064812356351962919e-02
3.374050409631739189e-01
-2.294007245646545456e-03
-6.040939549260193608e-01
5.192337494108414386e-01
-9.005792855581966627e-01
8.150466194162826472e-01
-6.604613076043210906e-01
-2.835835093154130959e-01
-4.640665488766011482e-01
-7.914590200990812008e-01
8.901845852560990036e-01
6.310508847797853260e-01
7.241050852147421502e-01
-3.834473916384493197e-01
-6.185200172581262201e-02
9.144114340154347875e-01
-8.168761688974643942e-01
-8.870022877770180614e-01
3.624615803057276153e-01
6.095835181021826976e-01
-5.500877317815493495e-01
5.762041117674132629e-02
-4.123421698040208305e-02
-4.356309504905109264e-02
4.483924109180279505e-01
4.831172301179917916e-01
-7.597087890557416845e-01
5.046801985981952399e-01
-4.089368103310635494e-01
-9.601659577400634138e-01
6.760580177534780688e-01
7.214122894954306808e-01
-9.005359214991608408e-01
2.449910120513543177e-02
-2.125230381493785625e-01
5.390802457629748634e-01
8.619864343105374527e-01
5.175555538456817484e-01
-3.670826356344591979e-02
-7.947151959986886727e-01
-2.181251637005301447e-01
-3.400927613495778878e-01
9.533243135430322646e-01
-3.518799876718856634e-01
-5.658249162234882945e-01
-4.889658313160127889e-02
-5.893833475853682557e-02
-9.317700574704608218e-01
-2.390058843731779348e-02
-4.852933006501782831e-01
-4.694798600887966078e-01
-1.395504483556908593e-01
6.655278396847892353e-01
1.198604033935863900e-01
-3.985717283273213507e-01
-5.010789741121361995e-01
2.532194898281687756e-01
-5.806138148020969503e-01
-6.724680519500436660e-02
3.136484428995491847e-01
9.849333857625208744e-02
-1.648313013344442357e-01
-3.980795766892013532e-01
6.790304578382531098e-01
-8.655103004400805933e-01
-1.088105529131084825e-01
