-1.723587245245963295e-01
-5.469526778790290145e-02
1.801598042044338932e-02
1.612557961432625753e-02
6.834446214189826563e-02
-2.250075038512977521e-01
-7.773189135829250418e-02
1.891659560033240872e-01
9.325555373195610898e-01
6.575904234397453862e-01
-7.317731022677755881e-01
-1.358756483442540297e-01
-7.487767075316793530e-01
-2.773475326872094637e-01
-8.906873368515453304e-01
8.040356023721557666e-01
-8.528288189893658000e-01
4.996939114516225633e-01
-4.066760135728086922e-01
4.736791514611564669e-01
-2.076623322114450332e-01
6.847357416967836397e-01
3.609970090498950679e-01
7.576806664951996062e-02
5.266199565273306238e-01
-5.502852820995118854e-02
4.255249654455017794e-01
-4.605050344998622425e-01
9.518020953353640845e-01
-4.502828300029988462e-01
-8.333107888477384595e-01
-6.388166151878789112e-01
-6.482309601451514691e-01
4.137681495236606999e-01
2.936289440504769033e-02
-6.209096378740723843e-01
-3.757256005351876649e-01
-3.663210755674588537e-01
9.214632649172347367e-01
-2.979129191605478510e-01
-1.277712408899411844e-01
9.507547176644191023e-01
5.444842780303966734e-01
8.706801641870838271e-01
-6.110267631442549696e-01
7.226735208765406870e-01
-7.663723039250038838e-01
-3.415650267820484753e-01
-8.966133296899094773e-01
-1.909751316021337519e-01
-5.929927890125881174e-01
3.718930756320388831e-01
1.143263795101405744e-01
6.900098332009498847e-01
-8.566812681173840982e-01
3.863728732949156530e-01
7.906590378524145368e-01
-1.523210866046809109e-02
-3.510683590238272700e-02
-8.418101757413367636e-01
-4.631688326593486060e-01
5.211591574877685318e-01
3.688479395296242469e-01
-3.661189984823791654e-01
3.588278814315957188e-01
-9.656312973776111086e-01
-1.062834783619865942e-01
-6.525788458572401307e-01
2.396267594283463254e-03
-5.683422138060199025e-01
-5.103643107510726917e-01
-8.754950286626033140e-01
-4.138652318179576461e-01
-8.218895575658708985e-01
