7.569730893138399974e-01
-5.561547514349427512e-01
5.701933164514809693e-01
7.723936719979807020e-01
6.817097976603889720e-01
-8.171718542374475369e-01
-9.165920528262254674e-01
6.368994437945345588e-01
2.864145903159398543e-01
-7.816873878732024661e-01
-9.633442883841294435e-01
-8.380624521918771386e-01
1.197145267701600346e-01
-1.094248585759105552e-02
-5.700121029849236631e-01
2.763814402709976470e-01
-7.923688574342486746e-01
-2.686381317858721474e-02
7.059440672020644847e-01
4.576557502066305183e-01
-6.122485872578855570e-01
-4.940163245022941574e-01
5.826336289623990083e-01
3.260413866800806471e-01
7.816889004386022854e-01
6.985011196949391099e-01
-9.666290032475202132e-01
9.736324111572720597e-01
-5.245562699365735604e-01
4.781606987328250735e-01
9.238836048763288122e-01
-1.386744391318113223e-01
-3.864312256944970603e-01
5.301463448945862300e-01
6.182220115476888544e-01
2.084718142867509894e-01
-3.639011283766475646e-01
-1.491784904722330829e-01
2.107734399393130786e-01
4.048498487750842312e-01
-5.545502125410957106e-01
-7.442421149579299122e-01
4.884775971810553230e-01
2.354042340531099509e-01
2.568618625704970349e-01
-2.691212978081216622e-01
-6.834560280029500223e-01
-2.237712420748361186e-01
-1.665031003692720724e-01
3.605661730619251770e-01
-2.927294214832176777e-02
5.734147635705522106e-01
-5.260417908625032446e-01
6.090324386900138887e-01
8.580069986921809999e-01
-7.012918838101589447e-01
7.246661518974579774e-01
-9.440606372088542475e-01
-3.353097605116761581e-01
2.170052184870014944e-01
-2.594288815866117037e-01
5.198160444780515199e-01
-6.774365220819780209e-01
-3.246646601068945426e-01
9.324671073366150864e-01
-2.434167062376044743e-01
-2.348841479365093576e-02
9.962836016249010385e-01
-7.186642178129774017e-01
-3.646826877856106375e-01
-1.608941010692732654e-02
2.020225054109068274e-01
-9.484649407160774537e-01
2.141327495651388357e-01
