5.979423650413506763e-02
8.269917297640745346e-01
-1.409451713875309320e-01
8.958660844351411523e-01
-3.384455852723455838e-01
-4.602079559156297961e-01
7.512809121549612890e-02
-6.662868970314599348e-01
-5.920962716585798091e-01
1.627620710873713961e-01
1.277707077069769603e-01
-8.268774737578066247e-01
-2.379770847488020813e-01
9.694294754120760249e-01
7.754045259031436821e-01
9.638235915229118600e-01
1.272527098875286811e-01
-5.538698538134059213e-01
-5.530508099397537514e-01
-6.598234202566291007e-01
-5.164433433589608047e-01
7.722970746379300699e-01
8.336491867216389018e-01
5.389575004390849688e-01
-7.901810736885894748e-02
-4.442551556620497610e-01
9.610413161209137023e-01
8.784090782968525524e-01
8.461674878091436369e-01
8.861369785177404257e-01
1.758927879534211147e-01
8.683953580539518491e-01
1.229384140669791403e-01
-7.295749635705579550e-01
-2.328788827694479036e-01
-7.260660089530035499e-01
-6.245173936688972471e-01
3.126414661473158052e-01
-5.036177033881354959e-01
6.994951162000484501e-02
-7.546415426548422900e-01
-4.808263262834149288e-01
-6.237864271869166810e-01
8.431236262749219890e-01
-4.222499313120235964e-01
4.295409081958694308e-01
-6.961681333065865562e-01
-6.354905963749324371e-02
-9.267847674054561224e-01
6.218588665647972746e-02
-3.011488497077248194e-01
7.231692335738866273e-01
-7.351192489119964257e-01
5.331897770671385484e-01
2.948468591459987298e-01
-2.199196398444773770e-01
7.128601692276776980e-01
5.838005312951461967e-01
-9.845001020008521397e-01
1.758821743464833443e-01
1.844651821251148682e-01
1.837980791757074517e-01
8.594935971016013365e-01
-2.687246811019172732e-02
-6.756607366524272074e-01
1.690943669747608791e-01
3.792874828347521099e-01
8.905921952152555665e-01
6.480081699564621545e-02
-2.501466645296490654e-02
-1.391015426216655193e-01
1.683352191123892450e-01
-7.721992195991480568e-01
-8.823539332403207425e-05
