-4.631669204778989801e-01
-2.855311918029772578e-01
-4.677009825764564255e-01
5.935181849802988463e-01
-7.671186546265420514e-01
7.616655857418588305e-01
-3.625986311328530665e-01
-6.993016122597133233e-01
2.618700869554451138e-01
-6.393320859684170632e-01
8.101043683330972911e-01
-6.809556099494034065e-01
2.578585754209226089e-01
7.417279464762180918e-01
1.023010159365904670e-01
4.332898909389988340e-01
-5.565601798989496807e-01
-5.814024661556844720e-01
-5.867906381275254102e-01
5.766230718511076159e-01
9.728605814284598807e-01
6.151845427214683859e-01
-8.034238582287653863e-01
6.921919774246212409e-01
-6.710423461019794367e-01
7.276793792193423371e-01
7.806256503633128840e-01
2.360901284368299713e-02
3.985468061906687343e-01
5.638754040154050351e-01
-2.996801968070317290e-01
-9.199025436525731791e-01
9.048063761504530067e-01
9.414237078744589482e-01
5.661474937848400835e-01
-8.429929800867619338e-01
-1.593426948202980586e-01
8.636818497825125007e-01
6.229586011576084825e-01
1.627217378847463092e-01
3.796355093229146771e-01
-4.519810826579353513e-01
5.118001821650015604e-01
6.440539408233303398e-02
5.151704262693790337e-01
1.354393980819943444e-01
-8.549171960059895881e-01
-1.352412172687351699e-01
-7.329541939358319436e-01
9.431624698525009620e-02
1.855290971863361449e-01
-9.216738875979995083e-01
-6.102194900652710974e-01
8.172060441340189829e-01
3.661801310597276871e-01
-2.452392304407369217e-02
-8.549422675906788172e-01
-8.084213078870827740e-01
3.834150551586201772e-02
-3.374924316388663303e-01
-1.562182223999617481e-01
7.980147329167603942e-01
6.278157916612046030e-01
-4.751387138201312865e-01
5.628785980087409602e-01
6.536169156906830313e-01
-2.548367900782959605e-01
-4.769325343648178617e-02
-8.578973830725509231e-01
-8.890464864789913157e-01
-7.400563668216397772e-01
-6.541477728708509076e-01
9.418241450680651106e-01
-3.971840275918059326e-02
