8.907170965353938819e-01
4.104051105110873010e-01
-1.773765368573907431e-01
-5.720859165023348680e-01
7.787992843534219389e-02
2.885844472551406525e-01
3.857458784077749669e-02
3.945032497317602083e-01
-1.617027215952382413e-01
3.315774299900551281e-01
-8.930773395362345823e-02
7.149881598723362153e-01
5.864271742180560132e-02
-9.252533175504722429e-01
-6.701100833877282614e-01
8.753528631699609708e-01
8.480717891842832756e-01
8.583856694047586888e-01
9.057086436370216376e-01
-9.230547109602389444e-01
-5.675204865235410345e-01
6.456262640333676472e-02
-3.535534361187051555e-01
-6.135207143456979928e-01
-4.692452455655911070e-01
4.774559708710190975e-01
-6.881910664161123847e-01
-2.920368866216960235e-01
-9.300863286315184109e-01
8.135736609287003152e-01
-4.039882874997509088e-01
-5.062399446774936695e-01
-3.513842490203857860e-01
3.601843791776930814e-01
-8.548438691119901733e-01
-7.288461647106281305e-02
-7.753360893777920815e-01
1.954000143495626673e-01
-6.980353609481859678e-02
6.724932138753598743e-01
5.222073256448056533e-01
4.195557198582786640e-01
8.936836718244078881e-03
-2.087673846944102518e-01
-5.693810299814281439e-01
4.215186358506164410e-01
-6.968966737255404276e-01
-5.933573940232923505e-01
-9.529494606077206775e-01
-5.460631577473036291e-01
8.752170372274636900e-01
9.853101312671408429e-02
7.037044174332056645e-01
-9.110199667971199400e-01
-6.233325126487150314e-01
-4.490116687442065047e-01
-3.500272578039214100e-01
2.802482476494887464e-01
5.145764015847789086e-01
-7.555704472731228361e-01
-1.566784620003103257e-01
3.768143000858052982e-01
1.882762299670543982e-01
8.520390190857145551e-01
7.532462838031421803e-01
3.610164003189146875e-01
-8.011644890370372973e-01
-7.287399234036957552e-01
9.701990171081433800e-01
1.853855663528485298e-01
6.460217851642926501e-01
-4.877240480545785850e-02
2.872672388850403546e-01
5.899130335800939484e-01
