9.487051805109047997e-02
-9.383997915423503144e-01
-1.480964163242868281e-01
-7.932482464738810357e-02
2.663810941149371558e-01
4.145719223590482727e-01
3.376809104805411632e-01
8.058222016871119386e-01
8.009022389431805777e-01
-9.464738661295806210e-01
-8.748927171931630831e-01
-3.298618264811357115e-01
-3.167716075680249155e-01
-8.128050743917467624e-01
-3.011521765658686789e-02
-3.072276645742155754e-01
-1.056199435437172873e-01
-1.516156937227199908e-01
-1.021173446436045573e-01
-5.475767596013270122e-02
7.100593718657659537e-01
4.297307962783623037e-01
6.319469180750809656e-01
-5.479562880910995304e-01
2.710072403856382817e-01
8.950435727564420851e-02
5.225898567324720467e-01
7.106245146585143946e-01
-6.707980046797246132e-02
7.358134349390133000e-01
3.068391416587139542e-01
-9.377021576335640152e-01
-7.119309740166828160e-01
-8.515927158326039859e-01
3.505270721692794744e-01
-2.939018485650131129e-01
-4.540867024327646106e-01
-7.260055287870206264e-01
-2.415672392420666892e-01
9.400578527621208380e-01
-7.982271711064092834e-01
-2.120947555229324433e-01
-1.538155092584609918e-01
-2.025255868966528983e-01
-6.363371242813880002e-01
7.621881192137180960e-02
6.247324903126811879e-01
1.293225565662414756e-01
-6.735032187034195594e-01
-4.020428636885555740e-01
8.438083850121691487e-01
2.350693582135261472e-01
6.504790564071145642e-01
-7.787330715544333870e-01
6.638486913573169446e-01
8.200911764651945823e-01
5.649388514227060565e-01
5.746370815634016527e-01
-4.402054487824023088e-01
-4.290320379879124513e-01
7.519488331625805433e-01
9.826518402965140897e-01
-7.075487479442383876e-01
-3.547661385558673608e-01
-1.736631421368979300e-01
2.748899394195378765e-01
-2.996040718784487300e-01
2.922589161563626803e-03
-9.849484909875598770e-01
2.489921277786095732e-01
-7.297961120909157717e-01
-7.057547339844487677e-01
-1.938686308805754877e-01
8.306759298370065547e-01
