9.944320379157345346e-01
-9.593062719824065887e-01
3.532858173721311612e-01
-9.532044418766729699e-01
-4.754057624810714699e-02
-3.560937086934947704e-01
1.641766191751263815e-01
4.300727314791843447e-01
6.591551693162920333e-01
-9.189880757932151756e-01
5.365758633450425918e-01
6.517002476246172016e-01
7.464850538785230416e-01
3.011507464301741432e-01
5.196323651425136525e-01
9.659468522229073262e-01
1.508492129767093903e-01
4.192317946054753275e-01
-3.830201096219487678e-01
8.456264311549268609e-01
-3.017371737419536348e-01
-1.909802668964553085e-01
1.310395344670109985e-01
-3.332012115726179502e-01
-5.936478040517796373e-01
4.776159829689516911e-01
-2.130658789848371981e-02
-4.162182949127701814e-01
9.411973218440843336e-01
-1.833336538445453634e-01
5.717350572461212810e-01
-1.533486358105722314e-01
7.597042693322497708e-01
-6.851304839864846841e-03
2.361047753757512524e-01
4.881946108837289522e-01
8.015863658107220679e-01
-8.027781994565366119e-01
4.741531328130121903e-01
-3.566877636084859748e-01
-2.973772738240607616e-01
2.549647727307948752e-01
4.948973986026916627e-01
-4.240693976271865395e-01
-6.999445586031820543e-01
-8.545773338990225731e-01
-5.028190984122611340e-01
1.192271807709162079e-01
-5.282532195020215315e-01
5.970426843297584885e-01
4.937872871182924506e-01
-7.291035677424360095e-01
1.712583558682441165e-01
6.603944817397093825e-01
6.687877547718430460e-01
4.132097194274142460e-01
8.865415350779914938e-02
5.630396667730961369e-01
2.299200113797135181e-01
-2.408531329257934672e-01
5.067392889634545483e-01
7.476818038317343262e-01
3.686487863988987534e-01
-6.197678407824729341e-01
6.809632250281187904e-01
-9.841361163710566906e-01
8.136402743768014201e-01
-9.632274786112238196e-01
-3.166008979226042630e-01
-1.239633910880713064e-01
-5.252874191926684144e-01
-9.428015969968006615e-02
-5.700987456770749695e-01
9.116139858449761046e-01
