3.078261743688437413e-01
1.520037897476991251e-01
9.068250900060084163e-01
-2.739210118576429487e-01
-8.869598073904820801e-01
-2.717429661715466960e-01
7.930462508509408259e-01
2.432619080230620234e-01
3.628644879545810387e-01
8.561772899409831883e-01
4.291398986707073426e-02
6.856033080696812831e-01
-9.557190813280502795e-01
9.318108387170549456e-01
-2.327606189431952188e-02
2.374263743232951640e-01
-6.574683237778111700e-01
-1.863092171730595936e-02
4.322165689941208644e-01
-2.322557869291634880e-01
1.198461599314011305e-01
2.847454486144518349e-01
2.676503367454352578e-01
-9.643515523443129123e-01
9.929609870624591661e-01
-8.953443552904363223e-01
9.370755150963521185e-01
6.047958931224612922e-01
-9.867436855054700917e-01
7.271611993520585848e-01
7.690944117435571936e-01
8.808053859408202513e-01
-1.152069779652100667e-01
-9.824388131784842493e-01
-5.147563975731284103e-02
-6.476804359859569260e-01
7.033753412009191575e-01
3.442677201466128878e-01
-5.221463344769015080e-01
-9.397825162341262306e-01
2.535062536839016722e-02
-4.324066665999233283e-01
-1.732484806231671115e-03
8.542004127262730062e-01
8.677212561314862072e-01
-9.263122893932589363e-01
-7.696002830547847839e-01
4.928144485936380992e-01
8.734284522352704361e-01
-6.495073476043911054e-01
1.369549022547480455e-01
4.178915744323954407e-01
-7.312287017614413909e-01
1.119881035869807473e-01
-9.757611318908967490e-01
5.215277672920115570e-02
-2.420997381456313491e-02
8.616906594478093151e-01
-5.356611265873518768e-01
-1.175341597039558650e-02
-6.995079917119031432e-01
-3.674831466395045432e-02
-1.111032577060495630e-01
2.998742474459301643e-01
9.276502992951205506e-01
-3.151931119194295583e-02
5.053661817294332614e-01
6.232648636147146703e-01
-3.340663547140163558e-01
4.483153153512930977e-02
-5.560803987742597432e-01
-2.011838149202700432e-01
1.991967134169281284e-01
1.664649134366649186e-01
