6.390474051391421551e-01
8.416284311948758479e-01
9.951469469782137089e-01
-9.571144112568008566e-01
-3.246665566319602014e-01
9.276519941189920182e-02
-5.503331038150696131e-01
-3.992040800947727064e-02
4.906063046299875552e-01
-7.113823077979279930e-01
-3.843303684171208712e-01
-9.858322020520218221e-01
-2.165291487742184717e-01
-9.995158118302645001e-01
-3.820080933994560723e-01
-7.372817482688114321e-01
9.531810910632998457e-02
-5.431011780122632082e-01
-3.058983495972527056e-01
-1.595358106491873151e-02
-8.640890272241110726e-01
9.562394694868807665e-01
-4.906090865003742696e-01
-4.264838774522976550e-01
-8.444540897978649596e-01
1.003622229971576907e-01
4.159177942422078722e-01
-3.964995431157227745e-01
4.785430171643101360e-02
-1.682695204924626875e-01
-9.308556119496051995e-01
3.466629376345897739e-03
-9.439495513659446058e-01
6.883773031814075516e-01
4.289927537556443848e-01
-2.933048262424404751e-01
5.631193054678349519e-01
6.500981312211779883e-01
-7.056400636707658158e-01
-5.397826996556460699e-01
-9.998292967882775883e-01
-3.721005793741443135e-01
-5.404696249622424897e-01
-8.351358444065750675e-01
7.155381455486553577e-03
-1.777784209313439945e-01
-6.199224546786623602e-01
7.594565053547581712e-01
7.087374389150264964e-01
3.914240553583478999e-01
2.646464304460425243e-01
9.776726487165550150e-01
4.687107984408218631e-01
8.285268771951239675e-01
-6.160439031697328982e-01
1.051056789964628368e-01
5.704485490821986637e-02
3.769501263575967265e-01
-2.212606107168113567e-04
1.310745594468198938e-02
-5.177625092705360199e-01
-8.547340085431478496e-01
9.285051603900476014e-01
9.461130303747022907e-02
6.558190355835742391e-01
-8.832726636785159791e-01
-3.282918236512342158e-01
-1.482351994823742913e-01
-3.770628724217472971e-02
-9.492746468796091630e-01
1.333288630750497639e-01
4.010092973711174569e-01
-4.224846013712135750e-01
4.691224828718978390e-01
