6.239254844597765803e-01
-7.840096045180913187e-01
9.037887754938300766e-02
-6.092250133002923285e-01
9.089009033827100126e-01
1.196017748767734812e-01
-7.165441690817322407e-01
-9.386415507169560968e-01
-4.201855020523381778e-01
-9.250868028083643058e-01
-6.447418779054419069e-01
4.090447508572294666e-01
-4.101891741251804113e-01
-3.198247068476840482e-01
-6.945440354221925627e-01
-8.550070833566745243e-01
9.094829251457723363e-01
6.194012681997560499e-01
-4.456878736864533508e-02
2.313882626948693400e-02
-3.887581709202818647e-01
-7.588634282359918437e-02
9.853582302937418103e-01
-4.819645331461739346e-01
-1.594352328843386957e-01
8.496178030030616668e-01
5.715849146003042502e-01
1.912934372658885440e-01
-9.760799764300407411e-01
-1.900715661019716229e-01
4.010515613552516623e-01
8.032987356975926918e-01
-9.771057330774435279e-01
-3.087643734149996266e-01
7.986930361433790537e-01
-4.086370804949193136e-01
1.875702808292412094e-02
9.783147939335246068e-01
8.292544733801117118e-01
-3.007392627430691689e-01
6.726236048028386705e-01
2.238897240019919188e-01
2.647270025687811223e-01
4.527100351156594371e-01
-1.457918869667427231e-01
9.640897770392005128e-01
-3.588852227475123335e-01
-2.427076727752564000e-01
9.346515007133342490e-01
1.258431932412584775e-01
-1.267181587059944547e-01
-1.350735918989705020e-01
4.442133459969428433e-01
5.145647240189596960e-01
-8.610330698827042273e-01
-6.883960163685036715e-01
-9.895218069461872989e-01
-6.100928874086588571e-01
4.295320159864164378e-01
-6.050632751370073059e-01
-9.307990302901389956e-01
-3.429419320887496792e-01
4.008724768815268291e-01
6.329258828070896126e-01
-2.068596370915878335e-01
4.241572267642637062e-01
4.633878223565157661e-02
-8.247276442265556451e-01
5.134279089889608461e-01
-1.206268843309814542e-01
1.521948829170751694e-01
-6.711882690382153793e-01
-3.293515508719599971e-01
-4.819183683221739400e-02
