3.089694023878377660e-01
-7.507075163739700407e-01
-8.555618461255631857e-02
2.550032014796117519e-01
-7.796440683132652705e-01
7.933769784323065899e-01
-3.234070565765687633e-01
4.297603068538917714e-01
5.776871719225451507e-01
-9.516745016302226023e-01
8.303336371653911030e-01
-4.542473555092874093e-02
-4.306245460126445490e-01
-7.145729430797533865e-01
-9.045366398748861947e-01
2.396403958519168764e-01
-4.333756094232172895e-01
8.577426584957357214e-01
-4.258964345487548098e-01
7.435213409934795514e-01
-8.562340101523033820e-01
-5.040884441983475295e-01
7.071000871179113911e-01
-2.967468825319339309e-01
-5.591143922805970057e-01
-8.332682905845127941e-01
4.955482219625573226e-01
6.676267411061787005e-01
-6.008646880891772568e-01
-9.487246087536884698e-01
-5.265016334285557154e-01
9.885539451467444394e-01
-2.045214161376902595e-01
2.170906514635277951e-01
-9.391170196350131505e-01
2.621821824312671190e-01
9.413687200709615066e-01
1.832341463582463081e-01
3.658617404411208529e-01
4.947703893651038687e-01
7.898273448067412161e-01
3.747326392191796529e-01
7.042946933157636646e-01
2.469487514337254108e-01
8.685652625301536478e-01
8.392872948210672313e-01
-3.253648256851107146e-01
-7.220987870598829517e-01
1.743224752654191079e-01
-9.714657332569998083e-01
6.728942105267756713e-01
7.450881538386595615e-01
5.940604324635181399e-01
-3.549563802386639377e-01
1.484266641903726480e-01
-2.412883765477076281e-01
-6.531476637617585901e-01
6.924089459470554875e-01
5.447565931315963006e-01
-8.018687963080064485e-01
2.866226360131918227e-02
8.585704294136451420e-01
-2.101903122425061721e-01
-1.304043648099340036e-01
2.965226335778321509e-01
-1.565177692943566790e-01
6.754179100966433147e-01
-4.627513272082430795e-01
-9.530999396012114211e-01
3.773864586972264235e-03
-9.374533692353230752e-01
-9.646795818942603962e-01
-6.980519072136239789e-01
5.929049620307029755e-01
