8.642552598172112965e-01
1.344199736671107814e-01
5.284431232656872091e-02
-3.873971983022850285e-01
8.846914396750860110e-01
-2.462206316526673877e-01
-7.796293060741732450e-01
7.654525164384651248e-01
1.150453331514049715e-01
9.712634690167900597e-01
-8.906829007876080340e-01
6.515581934426057931e-01
2.711334448456979018e-01
-8.918767311264568232e-01
-4.887709185615844998e-01
2.439670756148257791e-01
7.788452586507315090e-01
-9.609456898762140931e-01
7.690242702572716027e-01
6.063503501066889179e-01
7.090788240995087310e-01
2.488809377725613725e-01
-8.258350343696485574e-02
-2.420097207712805787e-01
-4.073623283892935376e-03
-7.029536907307094573e-01
-1.936642880789516408e-01
9.999081899909278981e-02
-2.996626147046874689e-01
-4.922633620759382378e-01
7.464896066527992868e-01
9.814485484433204121e-01
3.205877106932482068e-01
1.995868748006830451e-01
8.927464999801502099e-01
-5.789960350142473455e-01
9.165751880262758000e-01
-7.594103185856564409e-01
-4.836644939522107833e-01
1.738130312372518915e-01
-6.719772030675374985e-01
1.238056536032872135e-01
6.404332745729601761e-01
-9.148535418393306529e-01
-1.255707876300427017e-01
-3.975343976971530413e-01
9.748546480287934024e-01
-4.189714086077735988e-01
-4.673326894571172563e-01
-8.736163608097198274e-01
2.101075430613108530e-01
3.400364154809289996e-01
5.977046782974861916e-01
9.530764366763218032e-01
7.471859188326182011e-01
-8.641011137216292326e-02
-8.473732677133556379e-01
-4.959951549214181021e-01
8.905246939922668581e-01
4.372052262987180526e-01
7.002262994572578947e-01
-6.153513252547353485e-01
9.339044905238063077e-01
8.617934351592786424e-01
-2.638063189676302933e-01
5.399235896784406741e-01
-1.867927337724377690e-01
1.021407807101282206e-01
8.296828691969417857e-01
8.341028124794875875e-01
1.129785132945897441e-01
-6.580846817098509050e-01
5.555231566442133673e-01
6.791376133160094142e-01
