-5.839008375242407123e-01
4.105125281797088466e-01
-3.223412415971069755e-01
-1.476642314165927949e-01
1.822694932156698755e-01
-4.312009318515583889e-01
-5.719028806483297256e-01
5.015086845385507974e-01
3.324731292269973437e-01
-2.215157341165565619e-01
-7.678377737492079191e-01
4.423396664776757525e-01
2.101439829122939695e-01
-7.567032521472576434e-01
1.277215328160781205e-01
-8.995773255425072445e-01
-7.057681061481300144e-01
6.073420768233397382e-01
-7.842859387547340688e-02
2.548249869522398736e-01
-4.167012123915327937e-01
2.021552272654556504e-01
8.467845181404340948e-01
2.790701994949040810e-01
1.400502670483909640e-01
-9.838173000454326633e-01
-1.763797011747452181e-01
6.868604234263406827e-01
-1.186279199474282731e-01
-7.902172297504317378e-01
4.590766745321721576e-01
-7.006390645783915350e-01
6.966673648888763726e-01
5.231598909946357789e-01
-1.853953788835898120e-01
-5.716988470003976364e-01
-5.363971049460969365e-01
-3.546326654471425588e-01
-2.411599252733582777e-01
3.928531175475669102e-02
1.029710300984969518e-01
7.333766205858704978e-02
-1.501018699769387510e-01
8.857641662065620647e-01
4.626042235563621041e-02
-7.646700557582064572e-01
9.788558645809219971e-01
-6.559742631781002586e-01
2.219870758859650017e-01
-4.884911433379663936e-01
5.216997429564675937e-01
-4.346458885754895807e-01
9.772677908812750225e-01
-9.444796949240792383e-01
4.182909321759487042e-01
7.937610112207336144e-01
7.068527503804904466e-01
-9.460929536969875375e-01
3.789432706402020568e-01
-7.439930357541242323e-01
7.852920421494145042e-01
-8.434969507044471904e-01
5.481324833434015886e-01
4.832384797892534944e-01
4.395384325154796379e-01
-2.544593498742997451e-01
-8.993297073812558384e-01
9.282703747481497736e-01
7.184898574513387537e-02
-8.461830804042813625e-01
2.242062310875285736e-01
-9.032956799039970619e-01
8.473412318517712372e-01
-5.141722559982562224e-01
