6.563027842811377521e-01
-8.776182655630448970e-02
3.166922892705412718e-01
-6.460165570584042172e-01
8.225383972320210457e-01
1.559184453695650063e-01
-7.809375224667522986e-01
-6.503792530736780542e-01
2.264273027560108620e-01
4.517259831929587577e-01
9.133732611289533398e-01
-5.828174350888946087e-01
-6.286567577753743308e-01
-4.309441618048595046e-01
1.237828523531188107e-01
-3.575557188962015243e-01
9.305400877583300812e-01
-1.007072660462851044e-01
-9.290323294619091676e-01
-6.042581651243377205e-01
6.227136416488285864e-01
-4.200248873436751573e-02
-5.459894915119161141e-01
4.022930773713553343e-01
-7.363107353903406427e-01
3.730467900877894039e-01
-3.942804104306489865e-01
7.757606084598860363e-01
4.004699249523464566e-01
3.356901872032380663e-01
1.509768120453065521e-01
2.745737797730751772e-01
2.184180458373745637e-01
6.415186149097955592e-01
-2.321226485691063601e-02
-9.611439741637062273e-01
-4.677103451890318730e-02
-4.934028944697501640e-01
9.747194501364320196e-02
-7.755852107226022252e-01
4.847601510541106329e-01
-3.462199812758912643e-01
-1.237108302825307149e-01
-4.067812010946263435e-01
-1.227091899388432772e-02
-4.502640555341106410e-01
3.424723268720311076e-01
-6.570257943456259131e-01
9.205559633003219666e-01
-9.890662949063591114e-01
-7.093834590116383509e-01
4.501871306908331594e-01
-1.508246275554165905e-01
8.305843165549955387e-01
-5.552265925436505878e-01
-5.621156154133939431e-01
-9.064226149979841551e-01
4.907715262691905167e-01
-8.574501961745728540e-01
9.497646120197975605e-01
5.075726247776590760e-02
-8.831128442209665863e-01
-7.111573744276158404e-01
-1.685107534907592797e-01
-2.124286418788075004e-01
7.652005168721278672e-01
9.340925739354617452e-01
3.585402819974603528e-01
4.844636025308510785e-01
9.506978974658004677e-01
-2.927844135921655599e-01
-9.545373878844287674e-02
9.116857502602322416e-01
1.650957314429026823e-01
