9.014446580416617394e-01
4.737029589608670044e-01
-4.968049726618872786e-01
9.052143273714519101e-01
3.360421003578608623e-01
-7.870162882605333809e-01
8.058304572832772905e-01
-3.307054277191956437e-02
-5.831268500177662073e-01
-4.208538590811659041e-01
4.719539109879167249e-02
4.729185125189148131e-01
6.936697280982229152e-02
7.167178084415803951e-01
6.403591759749915902e-01
6.655073941357747547e-01
-2.899192720877545870e-01
-4.580370021377875300e-01
1.152297638157340209e-02
-1.720159811579631270e-01
-8.992204173488071994e-01
5.640634338216841126e-01
2.829967902434660232e-01
-5.846861024218807934e-01
7.700259806474114566e-01
3.001262929903985022e-01
1.469654009711212073e-01
-2.863466603817370615e-01
-7.093770568724060421e-01
-4.147961201378964624e-01
-2.304367471726858074e-01
-9.106774069946486083e-01
-7.678770419407743297e-01
-4.222874903737547925e-01
7.854958913409348931e-02
1.574427850610566892e-01
9.001554963627951267e-01
6.034900410520842584e-01
-9.884051548515002672e-01
-6.598203018299433342e-01
-7.186200177099659747e-01
1.688075460269145012e-02
5.915269643942866473e-02
2.057995622979451600e-01
-4.579343487819300673e-01
1.600790016830637708e-01
8.784397416942479886e-01
4.406200938533042510e-01
-8.692514263125621365e-01
1.472241639564286775e-01
-3.003122275521665774e-01
8.020521691334192571e-01
-6.466860825033446947e-01
-8.600680076410653907e-01
-5.915024466626035426e-01
-1.276621797971591032e-01
-8.293330865904746663e-01
-7.685939998242605764e-01
-5.631162523921073859e-01
-5.361785210952896286e-01
5.649984638950977800e-01
-3.188848465000542198e-01
-3.251602081552178447e-01
4.384374486935547210e-01
5.488493009296679936e-01
2.380476111548845974e-01
6.672897543227267469e-01
-3.061415746190521148e-01
-6.898594049524744420e-01
7.172209401048361688e-01
3.261241108933665700e-01
4.016025455797582744e-01
-3.629066743910360771e-01
-8.733561858559597546e-01
