2.226927619373975098e-02
7.866785145952617242e-01
-9.642809477864342504e-01
-9.510814635000155448e-01
-8.601757218688117490e-01
-4.345355912617465677e-01
-1.402249277016889284e-01
9.747256059647835258e-01
5.359667779938230847e-01
-4.414889581762930781e-01
-6.998495198229273129e-01
5.316672252849214964e-01
3.310925746650870138e-01
-5.804170312863148329e-01
8.899636307732676777e-01
9.923833898425735711e-01
-8.662250594008273907e-01
-8.060628214322029805e-02
8.924258429216009869e-01
1.368977910080242388e-01
4.081107523317986097e-01
6.338925721332613339e-01
3.923747643010020436e-01
-6.007120076984544532e-01
2.938153770120839336e-01
9.310831057551953727e-01
-7.776867046250091065e-02
8.359030172250960788e-01
-4.957111767755844056e-01
8.689984312276690659e-01
-2.967127300330700823e-01
-6.744084052583350086e-01
-9.165830933716021534e-01
3.460316395974172288e-01
-6.318591662506731765e-01
1.532551092067402365e-01
-5.642910757307615377e-01
-5.299238338205380927e-01
-5.111528153889892678e-01
-9.507950310906492231e-01
-8.334397852164305842e-01
6.549454286662532709e-01
7.100386825114535227e-02
-7.965430352583664497e-01
2.630510267338819208e-01
1.826458369058225895e-01
-3.235434978166868980e-01
-3.430567760974820857e-01
-1.357228506076357810e-01
-7.119135259364055557e-01
1.978717330590880064e-01
-2.359847536347976504e-01
9.587440462671761310e-01
3.361460746932840582e-01
-8.051322825846884967e-01
9.304988753199838758e-01
7.492196817066927306e-01
3.398955679318316214e-01
3.107879375721285253e-01
7.979108430248671446e-02
-4.762107764931280407e-01
1.078626011392649353e-01
-6.427337023969124097e-01
5.355262945138785646e-01
-5.073004005123580296e-01
6.394103458831916775e-01
3.214045986061500049e-01
7.012062846634723456e-01
2.870301044357836950e-01
-8.327449161354028018e-01
5.585216907234886730e-01
-6.556775083594110765e-01
-6.949099338686370864e-01
-2.850807678814246682e-01
