-9.399244488728371039e-01
2.696003625648872859e-01
4.807645273847751533e-01
6.236104708312859568e-01
-4.630821002356602101e-01
-5.533709383260743131e-01
-2.300397970118381874e-01
-4.908509562197784781e-01
4.786903346048576591e-01
3.256654869133028818e-01
9.228432075562686965e-01
-2.989099741521921150e-01
-9.891625007719446749e-01
-6.621534130701789422e-01
-7.336489196207911512e-01
-3.124820309041855815e-01
-5.693235064895714181e-01
-1.283839510999973399e-03
-7.653873439489524699e-01
-6.481824251268992754e-01
-5.100594970977412324e-01
-9.577927995969008901e-01
-7.137207585085560968e-01
-1.636481987571636321e-01
-9.321521449598901832e-01
-5.430966758404212058e-01
-2.802348666901988139e-03
4.095017380391441364e-01
-3.935164315093684362e-01
-8.936277324410970557e-01
1.160427768341598664e-02
-8.496905800878324921e-01
-1.476995378203609377e-01
-4.218601225015568001e-01
2.640834940917089479e-01
-7.834665577575532502e-01
-1.082900516992846285e-01
-1.036242326265279790e-01
5.118807955362476569e-01
9.230618513617983023e-01
7.370644239508963302e-01
-9.678670299191063364e-01
-4.064869771340378080e-01
6.294030811059436736e-01
9.211239318110397978e-01
-1.866628957976623759e-02
-7.886653256256690447e-01
-1.151560117244760928e-01
4.381687957229702945e-01
-4.411665173793870576e-01
-6.311279703128838126e-01
-5.635312293194705280e-01
2.564170798601941303e-01
1.322114288765281476e-01
-1.934068909608661624e-01
9.511535006913023338e-01
-1.069958423896877342e-02
9.272206894470695904e-01
8.525025985218401825e-01
2.162842463428591433e-01
-6.485994890396382662e-01
-9.416322710055058387e-02
1.088084981918140404e-01
6.058826758306687932e-01
-6.906930124196561938e-01
-4.138322797421452037e-01
3.688499150274884286e-01
2.331864111964141451e-01
2.500676800754164653e-01
-2.000381535061492855e-01
5.420583008854817919e-02
4.078301290872183849e-01
-5.052446989106909037e-01
4.916773649457573114e-01
