2.966034782193112118e-01
-3.782907715633609946e-02
-4.962660667063951703e-01
-2.414021276685873740e-01
6.259719667457681602e-01
-9.021999453934310687e-01
-6.638061477451833170e-01
-1.104546834746067407e-01
5.875011922003463560e-01
1.770161212950742691e-01
7.938568973125734729e-01
-6.425269191727878137e-01
-8.802478682488370509e-01
7.783778686310549588e-02
-9.093032715920041920e-01
-7.564253402409044647e-01
1.601833626088089435e-01
-9.467073575722815271e-01
3.090292044022306950e-01
-5.350400455318931048e-01
-8.780468820574687250e-01
2.507365763978228745e-01
-2.892360492456127474e-01
-8.938448577491926450e-01
-4.914856443291151233e-01
-9.184724246722695273e-01
7.518235320575863412e-01
-6.660959574918734472e-01
3.086460470644336596e-02
-6.620162641271059023e-01
-4.008139223085849245e-01
-2.244739887407416479e-01
2.047080150764231110e-01
9.152374548930288789e-01
9.582125203112097367e-01
1.184888745437064905e-01
-9.235374349890987933e-01
9.689814888168561957e-01
3.188982126007999796e-01
-8.747649084385005214e-01
4.536249944261769862e-01
-7.965375206497617988e-01
6.433767871482396483e-01
-6.151036150352140464e-01
-9.361488928519168251e-01
-7.468708606509968373e-01
-5.356437063834327272e-01
2.504906858531905645e-01
9.180339559235524138e-01
-5.847533476762585281e-01
5.506232181656569580e-01
-5.732599052129234707e-01
2.544823786442487190e-01
7.334509641726598694e-01
1.451959906729209937e-01
-4.448329834689686013e-01
-1.003989270280531976e-01
-8.025519268326781752e-01
-2.315342802619269058e-01
9.954034136345080164e-02
-8.277549654467140083e-01
-9.158712657850309746e-01
-9.980206486299516566e-01
7.923896414086546436e-01
-7.971078194904199776e-01
-5.972470687206625772e-01
9.003012339660720897e-01
6.179975680460272347e-01
-5.099651477860145388e-01
-8.494748538157597118e-01
-4.568967644942896200e-01
-1.216920117262347834e-01
1.941986888534774636e-01
3.276471519484618344e-01
