2.479896140443731412e-01
8.049319176162319511e-01
-8.443775407729701143e-01
2.616383353953024571e-01
-6.759003905670193380e-01
8.878201370767271339e-01
-4.372821003545643848e-01
6.099617665904000230e-01
-3.587420658489410830e-01
4.421934863512948510e-01
-5.816872993327100172e-01
2.810749883931120685e-01
-1.442991079966029488e-01
9.847498860962116130e-01
-3.089993345384589585e-01
6.084840677784406626e-01
9.050350468996377629e-01
7.882952652283381489e-01
-8.302884201074003379e-01
-2.438466218238579675e-01
-7.548049027071828121e-01
-7.983109299870354558e-01
2.676386487353998866e-02
-6.668743258000946472e-01
6.849772370685356382e-01
-4.423221488679918156e-01
5.294913027424712482e-01
-9.444805856182605375e-01
-5.211670580768190675e-01
-7.123671558046740238e-02
-5.404779420660863476e-01
6.067304971855207452e-01
3.791372526144749511e-01
7.969192134411127171e-01
-4.400672592231147373e-01
3.018026426020092856e-02
3.815276716995446016e-01
1.034406255395636798e-02
5.726992356325932843e-01
-1.650033094735321448e-01
5.251612001072243352e-01
-2.494304151147399562e-01
9.138666489498132872e-01
9.683325671474689589e-01
-2.766663940396771881e-01
8.698659696820496556e-01
8.085798828450723175e-01
-1.815387800962129372e-01
3.721178849926809473e-01
6.145653306091203305e-02
2.398682634186395379e-01
-7.906845944556286643e-01
-6.004282146604615900e-01
1.063907068242539999e-01
4.033602570183401070e-01
9.866663699323230396e-02
-1.093359701576164245e-01
7.275192562737380353e-01
6.056396966308077445e-01
5.220819815727208990e-01
-3.486079840792344342e-01
-6.953253239613059744e-01
-4.501385800104167334e-01
-5.792444866507844292e-01
4.757859970552833495e-01
-8.457371942259435116e-01
5.742015117247432077e-01
-5.040813332973306249e-01
2.699144502270247603e-01
-9.657332753430296624e-01
9.164372320852833820e-01
9.270452810157121526e-01
-3.195324104930796771e-02
-2.065329258428989512e-01
