-7.098552454168514103e-01
-1.550911071948477549e-01
9.339514661060979162e-01
9.883890641901293961e-01
-9.253583492903911800e-01
3.289951058000502027e-01
8.394318402513700761e-03
8.843213178745161773e-01
9.767015153087206247e-01
8.667865662754463685e-01
-9.116964602195953837e-01
-6.791545620026044894e-01
-9.284872741589147438e-01
-3.348596887205494976e-01
5.394294844516132059e-01
3.135931203203792261e-01
-8.179034150023336558e-01
-6.155613506698831561e-01
-5.155739306914364217e-01
-7.824462605477715549e-01
-9.129926430645614044e-01
-8.762637427486834607e-01
5.660176881267366955e-01
-4.171306167377970553e-01
-9.952439405794457628e-01
9.079345094809416761e-01
-5.332806811649772882e-01
-5.024045821646638821e-01
-5.546397560272502414e-01
7.823861109973448968e-01
4.003066803010557617e-01
4.187450351024430972e-01
5.788955377160429627e-01
-6.415352041993349630e-01
4.305940744124283626e-01
6.813346623274663116e-02
4.784887382216296281e-02
-3.923765443473523629e-01
1.260687664846493750e-01
9.012822647622178440e-01
-1.886776666065439478e-01
2.716341452934962764e-01
-2.773058852086403014e-01
-1.812331735959713530e-01
3.983975874584988475e-03
-6.627824869399370211e-01
6.230604674978048596e-01
6.724999445092956218e-01
8.403287337923881495e-01
1.620277095392534950e-01
-1.565158606450185452e-01
2.601240354800624655e-01
-4.856708797712383507e-02
-3.933301350883757763e-01
-4.534381997137135745e-01
-2.304261293306750780e-01
-5.039423530939570739e-01
6.226911436487301277e-01
1.098632716550966837e-01
-7.363981154216789893e-01
4.204146959819332618e-01
-8.119595424908832015e-02
9.190509199961356401e-01
-9.746404069177641016e-01
-3.490603479891205563e-01
2.107289980851698719e-01
5.514597607165967474e-01
-3.736011124306923836e-01
-4.746724758252420795e-01
-5.006460980316969067e-01
7.009679579914664949e-01
6.428372804335413804e-01
-6.160402603345871420e-02
-2.430160345704468483e-02
