-2.110253623779145826e-01
-5.426619200048325986e-01
-1.372051937228115914e-01
8.570281091210871782e-01
-1.025640831709524470e-01
-8.243277250877862894e-01
9.723323734283186859e-01
5.835289359756612448e-02
-3.005886354948672512e-01
-1.970815678226882639e-01
-7.888165303035927778e-01
4.454410071733319043e-01
-4.817089346561547192e-01
-1.745449477706044750e-01
-2.825714569754889105e-01
6.554981350559863085e-01
-2.384157307249030744e-01
-7.771221314240510658e-01
7.036777338498030332e-01
8.385402651013897923e-01
-8.876559802021903867e-01
1.853849321471239264e-01
-7.784135033338579479e-01
-1.287145363253379138e-01
-9.227959120134778814e-01
-2.276192333191695560e-01
4.558452062953741724e-01
-4.678443067787814158e-01
3.981560202965601647e-01
-4.541070624581058368e-01
1.603570312464834835e-01
2.687331185664785238e-01
-1.436784552922560909e-01
-6.821039949639984279e-02
8.119714079155859743e-02
-8.462841174075523831e-01
-2.098568405106173707e-01
7.150222999351110165e-01
-4.875450623337891365e-01
-1.080743305064306714e-01
-3.635986455233801706e-01
9.802578432307962331e-02
9.519825567693205315e-01
-7.779462225571764922e-01
-5.791944033687137505e-01
-7.299721673452774784e-01
6.712267039294583792e-01
2.298993267689872777e-01
-6.045781106257175352e-02
-4.675007961368098375e-01
3.099207351854726955e-01
3.212243527726907910e-01
1.283013733065558881e-01
8.690705888169052429e-01
-9.739847387621789476e-01
3.251373732755193924e-01
8.303763198156841607e-01
-3.160243474762303162e-01
4.544838762230198892e-01
2.618677784518952389e-01
-7.176634517588795781e-01
1.027831851685363507e-01
6.885864724927730496e-01
-2.315985415112480350e-01
-7.471336842996407768e-01
7.136784805195302006e-01
-9.453696577951260505e-01
-2.200420121515991312e-01
1.829043286614777664e-01
-7.394050682846113887e-01
-1.414085518952652443e-01
-6.096982984915892967e-01
-1.661214044320826755e-01
-5.276125861923610660e-01
