5.859455632694667848e-01
8.048642408318316122e-01
-8.872377008519660713e-02
-5.229012402388122371e-01
-2.092521630509214248e-02
-9.157834182276061163e-01
-3.737232190392101305e-01
5.593681336159244122e-01
9.080031293010879523e-01
7.014390893702442398e-01
9.269406925251486573e-01
6.274776762309228761e-01
7.889249370336597345e-01
-6.412642414424634119e-01
-4.216461392884947035e-01
2.861802118016685270e-01
3.727704109477656402e-01
7.838045012843624093e-01
-1.833161548041730704e-01
8.762342266949381120e-01
-9.731783251663772560e-02
9.491508369461050254e-01
5.831481084403991044e-01
-4.636663443230060189e-02
-4.240168153999865908e-01
3.653703025896763990e-01
-7.239083627427620460e-01
6.195536926023075264e-01
4.495029809043193936e-02
6.255850347056173266e-01
-5.763029799677543696e-01
-8.354074861229052740e-01
-7.194400469379891305e-01
6.113357889288209002e-01
-4.303642265870673000e-01
7.339102145237457187e-01
3.242710305255340764e-01
-3.945725009516098947e-01
3.952981147078356017e-01
-3.220890716316151536e-01
6.868978686046094406e-01
7.823225293580142736e-01
7.330058845702660530e-01
-8.218553301472686368e-01
6.965301040945013344e-01
-5.630603215666503125e-01
5.566421315394376457e-02
-2.196336777812590846e-01
-5.345794246229660374e-01
2.693750273253601168e-01
9.192401818847331096e-01
8.397278536444214847e-01
-2.891133390077100795e-01
-8.799273203379074371e-01
6.100408873754228356e-01
-6.692211584026095395e-01
8.781252831086265864e-01
-4.893487490793941852e-01
-8.190242721315816876e-01
-8.531641733356740698e-01
5.919738876285076667e-01
9.892514718144074237e-02
9.943402586975529367e-01
8.338259247815902331e-01
-4.533535800575561048e-01
4.462720223477512071e-02
1.056783734974915401e-01
9.128452180822022033e-01
9.475380531106472048e-01
6.701289879917857739e-01
-3.263824118885652048e-01
7.531030805014033991e-01
9.218236108477197988e-01
4.092133349849547130e-01
