3.300142246767858722e-01
6.298395589209060397e-01
6.414328572066332335e-01
8.438905219295964599e-01
-9.982754032722842563e-01
-1.042233026058350109e-01
-6.149418936876525077e-01
6.555374623704075532e-01
-6.286278620986647248e-01
-7.309104550570866277e-01
-2.090342839364722760e-01
-8.123779192059250587e-01
3.161285496789905114e-01
-4.952490060089538293e-01
-1.075742734300351167e-01
5.791685506948214268e-01
-6.697802932218097638e-01
-9.370862263973633866e-02
9.942877641396608013e-01
-3.605411441174131149e-01
7.030058346612662046e-01
5.580790993186504068e-01
-5.336810006409582474e-01
-6.030035462065823637e-01
4.766135312220916020e-01
5.167714312430975454e-01
-6.929871726665228771e-01
4.900753103838031421e-01
9.031428472025799792e-01
6.955088721082989256e-01
-4.090710423076893143e-01
3.506177148053772896e-01
1.657745964482941758e-01
2.539580267997565421e-01
-1.160291855012696161e-01
-7.109982976730708781e-01
7.139180464438776852e-02
-5.953972549062367392e-01
-6.434063768339297607e-01
9.226905490457493197e-01
-7.743345184508536594e-01
6.965135813065583825e-01
6.862796592539921470e-02
-1.156511843400731543e-01
1.853332024756495500e-01
1.271258972709254920e-01
-3.632828493811111059e-01
4.557747025077747427e-01
-2.325146529078259139e-01
-2.252698776033981165e-01
-4.518329425673737187e-01
-6.092862382748611694e-01
-1.603209778209779834e-01
-4.344258080973433245e-01
-1.448079137385667181e-01
9.904413279939023873e-01
1.003263034446719715e-01
4.825630043874509223e-01
2.455843364120555705e-01
-8.248674331922885017e-01
1.167595290869205549e-02
-3.390368404685497605e-01
-8.591869875500202092e-01
2.597593449185142678e-01
7.261135241453398059e-01
-2.762166761645756807e-02
4.202948670743444914e-01
-1.046510853022819543e-01
4.295810504252413065e-01
5.882839523577185759e-01
7.219997436306209160e-01
6.136440054366443242e-01
7.748795434182831343e-02
6.221222069127287924e-01
