-8.971626574721169867e-02
-5.944053075725075352e-02
3.133745100373512837e-01
-1.826626573028056200e-01
-9.118562730774277814e-01
-8.391969492831319322e-02
-1.022116747209711463e-01
3.701366909554009155e-01
4.997287301477024712e-01
-9.447491111085557502e-01
1.213001092799537162e-02
4.265832122245847291e-01
-6.512663104785618717e-01
-3.975798736508859843e-01
-6.680466885120086573e-01
-4.018519005370069230e-01
-3.304462872981488442e-01
3.057758141061714952e-01
-2.277168269988047999e-01
-7.394185649616382694e-01
2.145446600345730648e-01
3.600137981667401732e-01
7.077199967581893070e-01
-5.573108190314266519e-01
3.341900697065147696e-01
2.206345004547229927e-01
-1.290575577943866570e-01
-9.696992087598665933e-02
8.317965032436553940e-01
3.467388432452727098e-01
-5.308173913446594394e-01
-5.764074153532658951e-01
-7.715897637370485729e-01
3.755955998624400660e-01
-2.489858201052370656e-01
1.000441699186538358e-02
-1.748647756401744413e-01
-8.085921940055540436e-01
8.475768086859820638e-01
2.348192709824914459e-01
-7.646691477464615527e-01
-2.701181682569315790e-01
5.731095530122707338e-01
-8.871296385626825654e-02
-1.282862855979893801e-02
4.135603611145028946e-01
9.524631424399521151e-01
-1.040480020249294757e-01
-9.945451882942011324e-01
-3.343168365236688366e-01
1.119192168185856318e-02
-6.664766189880688696e-01
-9.949584882065432012e-02
-8.474515414425622950e-01
6.432910789695434062e-01
-1.412054042888009064e-01
1.029188514374446139e-01
-9.653971227023028234e-02
-4.158258961284819755e-01
-9.044456625955987761e-01
-9.503730707198299044e-02
-5.853487018829306443e-01
-4.084430240484593355e-01
-5.153814843945374591e-01
8.491909122412621969e-02
8.307633602880266643e-01
-2.189131358990490384e-01
2.548248164043314112e-01
-2.754610855817412052e-01
2.369336616755239877e-01
1.195016228245306955e-01
9.299427577211891727e-01
-9.859984866601534392e-02
6.252907438045556265e-01
