-3.748686944144277167e-01
5.296283285168668087e-01
9.889531039089975994e-01
-6.158343129306809161e-02
2.402938284987050643e-01
6.059090657700914040e-01
-1.093454600546381883e-01
2.052165220473907148e-01
-2.487227540586278707e-04
-7.732251951148736424e-01
-7.725841555394699078e-01
-7.006391097794171241e-01
-3.900005203419483202e-01
2.144965039070008128e-01
9.398859821377583135e-01
1.547232188416358678e-01
4.750180718952177195e-01
-4.064675257605543379e-02
1.199332869314637673e-01
4.526952112443261012e-01
7.049430143532431359e-01
-5.360314144551514559e-01
-5.116483855152493820e-01
3.568602170114123506e-01
9.015351346264572907e-01
3.333183421097674071e-02
-9.798129806503101946e-01
2.194057102788229408e-01
-8.522849944427008939e-01
4.446462925044376568e-01
4.246267885614858351e-01
-9.158406487020518405e-01
4.784856467997600227e-01
-9.877762027741372464e-01
9.801035766039210007e-01
-3.856480517004123865e-01
2.823871968432443147e-01
3.583230381716147050e-01
4.681237926295067631e-02
-4.339085959314328278e-01
1.827930969250173288e-01
4.454570082096629413e-01
1.492030782652884469e-01
-1.556463446340630163e-01
-5.466433129191565765e-01
-3.789010457931032416e-01
-1.774558664675778274e-01
3.071148302298287724e-01
9.646732339165102754e-01
7.344079408661454700e-01
-3.642218747323253680e-01
-6.809393972484865110e-01
-5.657803998459838279e-01
3.200283781444617226e-01
7.350522058606108189e-01
-8.650769122712897996e-03
-2.635366428842278452e-02
4.637595186545091508e-01
4.803612373818284542e-01
-4.377238793929623117e-01
-1.953098518168454589e-01
9.937940771217457225e-02
6.357617513088751338e-01
7.468124798906912165e-01
9.117115652039955442e-01
3.366216818581850845e-01
-7.150134235565297480e-01
-5.363900815351718698e-02
-8.344074028297046031e-01
8.596919750634790525e-01
3.524264924081232930e-01
-5.262516472650871080e-01
-1.656466414300330481e-01
8.356264596283935475e-02
