-6.421449261591600788e-01
9.319813023348608727e-01
1.965170426836986284e-01
4.534388140588181404e-01
9.895269884866575438e-01
-6.039741307092023614e-01
-1.558937043868002803e-02
-2.237252077387399396e-01
-3.960184495202201393e-01
3.592309058584590709e-01
8.543159837072842322e-01
1.451015965796502716e-01
-1.503669584198570330e-01
8.647874807482516246e-01
1.203809212469408862e-02
4.775130596718066833e-01
-4.694913327626044630e-01
9.777054260173019262e-01
1.570987916204669155e-02
-5.570412586061752602e-01
8.737304313378098097e-01
-9.433601282354708850e-01
-3.655034831620476155e-01
3.204913066439278868e-01
3.643528951244934255e-01
9.321899209791868479e-01
1.885488307331635305e-01
3.199421768018517742e-01
-9.443912169516759381e-01
2.421412106228149064e-02
-9.931155016255293067e-01
9.026071528035024549e-01
4.200761805256902903e-02
7.917341010869693996e-01
3.118276734157479080e-01
-9.542557212780549136e-01
-1.821719002249810870e-02
6.612549415657003049e-01
-7.064111580516472255e-01
9.700063946104409141e-02
-1.737891846291548248e-01
3.221684468838834636e-01
7.886265142102830694e-01
7.166059742257890885e-01
-9.182796216557498337e-01
-7.448731558580501400e-03
-1.809727892771855196e-01
5.912970200316143288e-01
-8.066582870206027156e-01
1.099325456101052367e-02
-4.121034373767316072e-01
-8.654305005375517723e-02
-8.376773913668376093e-01
9.682885416335751394e-01
-4.064985069591589006e-01
5.455326661643586927e-01
-1.405661606504347017e-01
2.437210177982049863e-01
-1.946327242053456086e-01
2.566756563151653125e-01
4.152019802925288605e-01
-8.000362534958815885e-02
4.349661446694792488e-01
-1.492791157885378084e-01
-3.351517024754149254e-01
-1.619076494755014028e-01
2.673047115892075443e-01
6.056869127572754863e-01
-8.782796876026652821e-01
2.049670836267152296e-01
-9.972992917163234772e-01
7.460628258737647123e-01
3.582913992195164710e-01
-7.793715130685225922e-01
