8.133299850482043070e-01
-6.361410001924125979e-01
-7.988516044510334257e-01
-1.920765844137166667e-01
3.311753807684187922e-01
-2.506517653453377292e-02
3.038214026580969840e-01
-4.026720888910806373e-02
-3.933600182313432558e-01
-6.877843647471106880e-01
-3.453206566600928173e-01
8.554104481025128770e-01
-5.155349799186037529e-01
-2.588898667621153393e-01
-6.248741478542945149e-01
-2.050024628666995419e-01
3.494713782552874015e-01
-4.893522809523016548e-01
-1.140465667165575514e-01
8.812030622281583625e-01
-7.764261532423939460e-01
-7.659128590698704997e-02
-4.041484439817120133e-01
-6.212666159756130568e-02
-5.373640217460804447e-01
-9.843978995452840053e-01
3.134611213694811216e-01
8.410908478244780717e-01
-5.798855462462644272e-01
-3.370597892725748501e-01
-3.649419042327917140e-02
-5.547045155693512974e-01
-2.135985461495495397e-01
3.782486600545613697e-01
-6.069416255693591555e-01
-6.279499677065516483e-01
4.684362894254354703e-01
2.535745287242459067e-01
7.720769590343059541e-01
1.006151259560634781e-01
3.513003021248679580e-01
-4.324821980207027572e-02
1.667010292864730125e-01
1.208232692319233248e-01
-5.922620539691616504e-01
2.726691279276578506e-01
-6.737247382485123115e-01
5.982199911879304555e-01
-7.373006051528556704e-01
8.508854436042809777e-01
-6.192101328974748409e-01
-5.043674701499691881e-01
8.389987863523746814e-01
-1.103462576096849723e-01
-6.336926122071107059e-02
-1.109771400515640050e-01
-1.366090564670048302e-01
-2.921297387775041443e-01
2.109870080065618936e-01
3.922286182916490116e-01
1.128972322849091103e-01
-6.821244088443900733e-01
1.733979930127924618e-01
-9.705367691733122193e-01
4.790287847974927793e-01
-8.032491633936198472e-01
-7.353111508741545510e-01
-3.764256783372683657e-01
-8.426944956394335495e-01
4.709268496322114306e-01
-7.399608390201786179e-01
5.483100634217947800e-01
-7.179578155075261314e-01
4.777081410197598910e-01
