-3.990084780873874859e-01
1.999068613665597738e-01
-2.365890190093224987e-01
6.247799149518340478e-01
-1.006358322697391561e-01
6.978760003486381702e-01
7.159573394305682736e-01
9.288682625069535348e-01
2.225239185452898560e-01
-7.621992607689647148e-01
1.557992508997774195e-02
-1.112079841606006259e-01
-8.102917198276560207e-01
8.964608007628462882e-01
8.387763200396951557e-01
-5.912630905633902145e-01
6.747229661758857855e-01
-4.255369442997796181e-01
9.127209100815496523e-01
5.368488910720348173e-02
7.282136458835999360e-01
-9.491849581441220707e-01
9.501658711709193295e-01
-8.593650062780426868e-01
-8.312894275405777744e-01
1.606395806527824988e-01
2.265273382235375443e-01
-2.237496544960326794e-02
8.394480992607002978e-01
-7.476476073848306036e-01
8.144113308690092978e-01
-7.740399862521494256e-01
4.015806982643503886e-01
-7.801976044703418101e-01
5.371407957068026207e-01
-9.242825162474981315e-01
-1.911270997725993404e-01
6.113714528694302874e-01
-2.223877694719205156e-01
-5.043669812360538351e-01
9.008140487635714067e-01
-8.757544773171548336e-01
6.938514323828850472e-01
4.364910161343291684e-01
-9.155054374586146793e-01
-2.259484956470882988e-01
-7.273584043910867880e-01
4.640590335772143415e-01
-7.771625473265810768e-01
-4.852898086870283123e-03
4.153015794769121527e-03
5.312196811001226315e-01
2.019269682452440318e-01
-9.521711075616450248e-01
-3.253924320849330698e-01
-6.126202246297591802e-01
-4.203519378589037903e-01
6.190979735213146817e-01
9.427931484086387037e-01
3.433225844263692039e-01
-2.256697513042773551e-01
5.599642792796872826e-01
7.048944926880329476e-02
5.474947327163459665e-01
3.127783987431431711e-02
2.117651510185691865e-01
2.672423293338979100e-01
-9.654451544361155602e-01
8.250398326422740958e-01
1.218683851321968881e-01
5.556857035977305070e-01
6.097727868174627197e-01
-1.340385951264808639e-01
6.816024373962989991e-01
