-8.876348323768255000e-01
1.919679004650554077e-02
-5.906586310919772487e-01
-4.751327118231873925e-01
4.171352509152586041e-01
1.951271632264115485e-01
7.588431273057498760e-01
-4.960828438509061744e-01
-5.959229965165593335e-01
-5.417690655295719360e-01
5.137406003136835153e-03
6.701420835545714993e-01
-3.341926723863950510e-01
-7.327159929516047221e-02
6.549151144204714559e-01
8.799847415240880100e-01
9.886342430658419111e-01
4.794176672970029696e-01
8.704275837720487630e-01
-8.322342846438601782e-01
-8.155901040647224320e-01
-8.815834622329326020e-01
5.658855812482117553e-01
8.296354962103249520e-01
4.131701637521494330e-01
-1.581767202748083356e-01
4.275890627429232982e-01
5.896542984482446847e-01
-8.645096114448840297e-01
-4.738533069622199445e-01
8.430340450741473646e-01
-9.734859709996102062e-02
2.459465511104650393e-01
-8.917661832288983348e-01
-7.581729839925801517e-01
-4.409374808332240381e-01
8.502642983686625744e-01
4.025241902657072934e-01
-9.484412253148035710e-01
-6.100592917047877872e-01
1.730370359718838014e-01
-5.460168429248493105e-01
2.695130670294334507e-01
9.878192935983849399e-01
-5.068021307289338750e-02
2.059924886997310800e-01
-2.823616988193795585e-01
-6.378460291955572181e-01
-3.189402081607632944e-01
-3.328439976425068281e-01
7.765962075491650296e-01
9.819133004806968046e-01
3.947335641862850242e-01
-2.222609490482299055e-01
5.131584891921801006e-01
3.111353097716134108e-01
5.942483425315359113e-01
4.068879512233507523e-01
7.406616929030525043e-01
8.628115395185085301e-01
-3.823823732716262747e-01
3.606622435899466961e-01
4.544866840403170016e-01
5.756716624696747164e-01
-8.805847054914106575e-01
6.873238242000241360e-01
4.841371290010905160e-01
5.401595007994883790e-01
8.900039920232023505e-01
-8.952616008189284713e-02
-7.496073376481593442e-02
9.785735913430255728e-01
1.194859418205478363e-01
-6.182055276988323023e-01
