4.357473160282516744e-01
1.836518687701285124e-01
2.104647359406597307e-01
4.204953470724634990e-01
-6.175087574083832909e-01
-1.370459571020614664e-01
-8.311603191448797556e-01
3.995725326486343487e-01
9.961555093547969086e-01
-5.602182218421023485e-01
3.458479579651021485e-01
-3.681131601520504226e-01
-2.166990191630815410e-01
-6.356950499907687568e-01
6.863288927126438566e-01
-6.496934935630991337e-01
-9.526445725476984094e-02
2.944459620384567433e-01
-1.427150458914270281e-01
-9.083127572653089121e-01
-8.358724464048461478e-01
2.857200522423675171e-01
5.390184997969591496e-01
-2.167874411785066791e-01
-7.535111740682911563e-01
1.539846074878663540e-01
4.641342721235377500e-01
-8.746804764351150396e-01
-2.475679292296812939e-01
5.162737652307753944e-01
3.524744741874497045e-02
6.171339253690821813e-01
-9.702566110237349495e-01
5.635386361259766552e-01
-3.680136215081604156e-01
-5.147101141104575284e-01
-8.460242763997232185e-01
-4.420060675387618154e-01
-4.530530090978888147e-01
5.604843001969839200e-02
-5.917150274414317845e-01
4.262546912963851575e-01
1.556981531796586271e-01
3.338623345759459404e-01
-5.215599289182786258e-01
-5.643073779072003138e-01
-6.004191823893636482e-01
-1.965018866269221398e-01
-7.238639669575352986e-01
6.081473024616028678e-01
5.906978902602939563e-01
5.462197004455342508e-01
-5.732475319279688453e-01
-2.727648800065820556e-01
-8.509433344665888743e-01
2.559495299808376423e-01
-5.549408610210864179e-01
1.192337373716620963e-01
-9.157863251874762689e-01
-6.981501733616393146e-01
1.430152583025621205e-01
-5.129311794421975712e-01
-7.626198441176754717e-01
9.154860733656811078e-01
-2.262172266222770567e-01
-4.107438814050634601e-01
3.343048282707343777e-01
6.139982681578859403e-01
3.118222226140980879e-01
-2.624336414917634031e-01
6.256950198432238430e-01
7.401071587301650823e-01
-4.309236781642216130e-01
3.652442054959676998e-01
