-3.791954879211985041e-01
9.628086858995987818e-01
-5.832489886064307072e-01
2.266971855933506141e-01
6.440591204974956963e-01
-9.563971420991765893e-01
-5.961362647610350951e-01
6.287324869739463473e-02
-9.491834116808706145e-01
-5.766297116355330044e-01
9.937434643827429692e-01
9.930301392549401029e-02
-6.306611389793264077e-01
-6.934050614975948434e-01
1.729858666962917901e-01
7.828483731757096553e-01
3.441005069015108386e-01
-6.719230044414548075e-01
4.071638632103218303e-01
8.008859846826468232e-01
9.503637499564239199e-01
8.750314470140387879e-01
9.753686773666552234e-01
4.969608373312350835e-01
-2.021150406054301740e-01
-2.097026655681977214e-01
4.489699091635923622e-01
5.882287373563643840e-02
-4.281883740957201923e-01
-3.151328184547856903e-01
1.994923506180348305e-01
8.426013888201735469e-01
-1.972913963868734299e-01
-3.624802922477643463e-02
-7.285521883954713118e-01
-1.836583254123174136e-01
-8.783993085072681062e-01
-4.287829729222105701e-01
-9.652835636744687697e-01
-2.401275311837249848e-01
1.627161068857598814e-01
9.652142809084680586e-01
-8.216557307431662238e-01
-5.145175878130157088e-01
1.010702505560450160e-01
-1.764180021598318326e-01
-5.208935630490494351e-01
-5.753760683960815747e-01
-9.018453279728086969e-01
1.412816005644863537e-01
-1.558992248073649556e-01
-4.402823708498551092e-01
2.018850833438645687e-02
-2.757870451212012242e-01
-2.973767074833619795e-01
6.290934640273759815e-01
-5.114232907679741036e-01
-9.423736725143960768e-02
-8.944563589090515077e-01
6.036376344241876080e-01
6.045086118449205514e-02
4.110259584053179704e-01
-7.302273805920114214e-01
8.356873060565572775e-01
-5.647022745833447654e-01
-6.079984307339836302e-01
7.559501029221540325e-01
6.656484353970770762e-01
9.878653653987896632e-01
9.576753065803005338e-01
-1.966408255138076822e-01
-5.963568303654176450e-01
-3.209076853455588019e-01
-5.830127439788124200e-02
