-3.927012687473590002e-01
-9.321368166218988449e-01
8.872531315178111555e-01
-2.655473177772662563e-01
6.747000168638284112e-01
5.560613596318830787e-02
-7.639127809610579689e-01
-8.312520309371880245e-01
2.744061422061516708e-02
-4.242111247286095566e-01
9.806719953306126669e-01
-6.048442681939447674e-01
-2.390381602567475117e-01
-9.297586128763011271e-01
-5.234548975717070451e-01
3.765316952614836676e-01
3.676490935385663406e-01
-3.723697112340240700e-01
-7.955208777040478907e-02
-6.579123375072386537e-01
-5.012528143104357792e-01
-3.581161567134414359e-01
-1.995613112787231191e-01
1.519785041714261098e-02
2.604680416539577603e-01
6.610524479092394490e-01
-5.955994044348582594e-01
-6.600470535257199067e-01
-5.324348568464514209e-01
-1.498708860399176057e-01
-5.470972030192291502e-01
-1.162093252517788500e-01
9.136700657288627792e-01
-2.155720999291281803e-01
-7.569512622196155061e-01
-8.182449264934987809e-02
-4.022723723955681230e-01
2.763714853893410872e-01
-8.616421179564324184e-01
-4.705136821399567015e-01
2.285583378860098769e-01
3.049692583508090138e-02
-6.470355427435043882e-01
-4.397275163941574139e-01
4.169161313519562650e-01
-5.456071834108431329e-01
-7.500961043724285737e-01
8.201295800696584148e-01
2.362487041260978859e-01
-8.984984653981089586e-01
-7.165132710335075927e-01
6.117309323438826496e-01
-8.547829319809461257e-01
-8.756034186896508587e-01
-4.475512105849710487e-01
-1.609402185521842110e-01
7.611358627135289545e-01
-8.727214267069645093e-01
-8.342489044883854010e-01
-3.647934867909055079e-01
-1.604135652331630801e-01
-2.402826768739263485e-03
-4.121499455048756033e-01
4.234630567526465050e-02
-3.936504667077922459e-01
8.001904600073364016e-01
-7.508081660769496679e-01
-7.885408823652253485e-01
9.533329569249331392e-01
-5.105051010109864507e-01
-3.948092302679115928e-01
-1.598276880208979733e-01
-2.695060027048639117e-01
2.482133497077045892e-01
