-5.763439795092957230e-01
-8.789512565360102503e-01
-4.345934234517938588e-01
-7.629397943589424358e-01
-8.149845805118678399e-01
9.352763870672096136e-01
-3.558576994907836077e-01
-6.853394599026563228e-03
8.693195749275230977e-01
-2.988775917157486806e-01
6.216200572763210808e-01
-6.549180510121319632e-01
-6.334660387206847432e-02
3.502004991405112122e-01
8.272858018463404850e-01
5.375272164617912463e-01
7.946578487269972957e-01
-3.131616113261959100e-01
5.735461588723427262e-01
3.650597326100615270e-01
-1.550140300999380827e-01
5.461900289105778850e-01
-3.387895762569688163e-01
9.672975482450090201e-01
-9.736134093488368890e-01
4.284522135068988824e-01
-7.111564708773707721e-01
-7.311884940888953022e-01
5.492420756136628945e-02
3.712630509727590233e-01
-9.565317438222660229e-01
4.729421619334486238e-01
3.516821982781903611e-01
-5.345053044463239367e-01
1.862486506470057979e-01
4.328666306629200822e-01
-1.564518039995712595e-01
8.729833930131272179e-01
9.519696878431300746e-01
9.999373573680738758e-01
-8.225473459190357772e-01
5.544752267728765283e-01
-6.384565145905460870e-01
-4.526134579991758500e-02
-6.746411658470008454e-02
-7.504506812403275440e-01
6.038355326068030049e-01
6.028285137383961878e-01
5.017970311010166995e-01
2.352012988049312359e-01
6.753100339945758979e-01
-8.215787325259404916e-02
-4.024431909580772349e-01
-9.871370316229675090e-01
-6.655812680708665940e-01
-6.421738399295651156e-01
3.577513982909723556e-01
-6.029207817678388093e-01
-8.536917756608426444e-01
-9.066277709668708606e-01
-8.149016030608440264e-01
-2.044397475972907774e-01
8.291865041097072897e-01
6.281687655266645631e-01
-2.351674255674531810e-01
-9.147606786254836031e-02
-2.788222497925405552e-01
3.961073052823167462e-01
-2.615653106850546195e-02
-6.678532014070135414e-01
-6.882851626902577458e-01
3.964517351846552629e-04
6.747854471807577248e-01
2.931479856857701627e-01
