-3.902783072689230970e-01
-5.139401030587351649e-01
8.215276497106800413e-01
-2.474541878396232519e-01
-7.301690411086785293e-01
8.810588520816673430e-01
-3.696406401728726809e-01
-8.560924753560648082e-01
8.642553577737090986e-01
5.879108951176703624e-01
-1.439128236532820626e-01
7.178285961541863713e-01
-4.564295195061964794e-01
-1.917230286820228446e-01
-6.973894173894046311e-02
-2.163565732838068634e-02
9.129493913827786411e-01
1.697847375413445992e-01
5.776350599821904463e-01
-9.521352934689073511e-01
-4.852987155735315472e-01
-2.024265420360051859e-01
7.630076948985009544e-02
4.533083905800423530e-01
5.475002876442212063e-01
-4.426188222437204001e-01
-1.994081254740414089e-01
4.673821226696981412e-01
5.391825617871881526e-02
-8.196237482833463872e-01
-3.687084079721458796e-01
9.542022099641200850e-01
1.407577976876284165e-01
3.646942276379414594e-01
-3.021298994711443253e-01
9.554175179970263443e-01
-2.665913569676148231e-01
-8.213538505349391450e-01
2.359806679141236430e-01
1.860167200369922114e-01
-6.365142741577971552e-01
9.431843585508417060e-01
-7.855339476011291566e-01
-7.137022356314515203e-01
-7.912740027607372273e-01
-7.771961889308940385e-01
-9.498861055423524213e-02
-4.580592224266533119e-01
8.992337034746722413e-01
-3.188672448344191945e-01
-5.168172387346037233e-02
-1.903448140795260812e-02
-4.876415494990000710e-01
3.538998528287362610e-01
-4.784159298762704626e-01
7.309972652364071788e-01
-5.439861312708227370e-01
-7.914524736147945383e-01
9.473615057435040843e-01
-8.529684894461293521e-01
-3.218232011678374693e-01
9.803190388947666811e-01
4.050088883874274348e-01
-6.259532415191746413e-01
-8.194777844175225034e-01
-9.190857958390856730e-01
-9.697117892544382389e-01
-4.230297326178231732e-01
1.922013185548188119e-03
1.675952901650938909e-01
4.101735107411255132e-01
-4.582276805356197968e-01
9.251347793453135182e-02
-8.592609035101383963e-01
