4.659905451995887127e-01
5.334345171692023158e-01
8.949021550391256241e-01
6.034596945518437838e-01
3.625774476020882098e-01
2.134029790938243298e-01
-2.180737741853693290e-01
-3.828421366004364224e-02
-1.099848968179499842e-01
8.689913104811091138e-01
-3.709167285694867644e-01
-1.097322041554171790e-02
9.096297294880284490e-02
2.864564932768498551e-01
-6.304578876613591287e-01
7.897727940440946170e-01
-3.936670710655709726e-02
9.399703650848956205e-01
1.948603463773306288e-01
6.512303006128072891e-01
-6.737506421325984984e-01
-5.756108606629202207e-01
4.941584926797257804e-01
8.345691387426774632e-01
-3.020226219345945040e-02
-1.233021103146563213e-01
4.790443064514955385e-01
-3.812107103490376403e-01
-2.137410002515214291e-01
8.308177914578629419e-01
2.258048890548962628e-01
-9.083830015840552718e-01
-9.151595224853039667e-01
-6.440623860344441010e-01
-6.801037318177565183e-01
9.534807882996516604e-01
2.411890261918632206e-01
3.441985739761659335e-01
-7.861115747846061375e-01
-7.727921703159534861e-01
2.904073825701427580e-01
8.226414130308192796e-01
1.356701736304937178e-01
-5.710551199257687394e-01
-2.025836879862794593e-01
1.190045459715567411e-01
5.294508956574488501e-01
-3.774679114913082056e-01
6.150141505766544281e-01
7.350599995716620150e-01
-6.254381282623839855e-01
4.637731826329518636e-01
8.396333975599257204e-01
4.995534011418072406e-01
-6.292029221943156170e-01
7.478901264021069473e-01
5.760468375146805542e-01
-2.523439731484589110e-02
-6.072807784594429492e-01
3.901406048265030346e-01
3.438516896420906743e-01
6.953373674064458054e-01
-7.602847054422550155e-01
8.093383863651193444e-02
8.601370616389980572e-01
-7.864658312153804953e-01
-3.886171699125782197e-01
-7.528907335089494168e-01
8.788057123291292960e-02
-3.373592874589226298e-01
-1.984106669638716625e-01
-8.517289527315168307e-01
-3.046596595796937645e-01
6.021855075791047174e-01
