9.589802895443939601e-01
8.999638037161039605e-02
9.397266781856516982e-01
1.369110089206739822e-01
4.467576583147581104e-02
9.954807942143431010e-01
6.978738341328913908e-01
-6.766407197676900243e-01
-9.031552324108553798e-01
-3.476765254594988974e-01
4.947252791258940352e-01
-2.154879512680984988e-02
3.491473895572205777e-01
4.088244065014057238e-01
3.126065574759135934e-01
-9.560094359117732310e-01
-6.424972217021607257e-02
-5.049801821140529334e-01
5.506254906971919105e-01
-2.723049887681043835e-01
8.972951423196440235e-01
8.080815983853164575e-01
-2.249576008744831324e-01
-5.815474774480446918e-01
7.560433541883435637e-01
-9.228480830485459308e-01
-2.532052048550779144e-01
-8.963733879995745557e-01
2.223274947424600523e-01
-2.448965926360178180e-01
8.958141086975577316e-01
-7.636854433166861966e-01
-5.045410996405228499e-01
-6.626526501323777296e-01
2.649933077098480805e-01
9.711849692787466459e-01
-3.940805635088551195e-01
-9.327265104934883144e-01
3.302272425405252676e-01
5.646024649302607834e-01
-7.595934423879564523e-01
9.014939101388734777e-01
-5.260520458720425729e-01
2.902954650651576873e-01
6.107228785905263191e-01
-8.838814887765800155e-01
-4.902596654940598597e-01
5.448105893911090458e-01
5.673968198780856564e-01
-5.735906649648772060e-01
8.419653642217928002e-02
-5.923729603869074545e-01
-1.572411645465707775e-01
8.741233511558361702e-01
-9.845913195196014378e-01
4.382604912258036833e-01
8.289107377280036104e-02
8.331061887580841763e-01
9.267405583448200534e-01
4.552444181417447666e-01
7.128741326440297676e-01
-2.255938604324396746e-01
-7.357418930570367444e-01
-1.946460837427610446e-01
3.141414361680225920e-01
-4.707570509297420713e-01
8.230869906172124661e-01
7.015032181615763474e-01
4.229164239395422076e-01
-5.701939946053040664e-01
4.897196696133376825e-02
5.757384607911959495e-01
4.764609136822988145e-01
-1.704710678741119256e-01
