-7.026436567983926906e-01
2.034912366908179226e-01
-6.298639467755995369e-02
6.811380698705233883e-01
2.428040725748390471e-01
8.097137482809269038e-01
-1.838605155050097029e-01
-8.956563878821632851e-01
-4.607220374168350396e-01
-2.030619315191994900e-01
5.614948070060494789e-01
2.222679175416826247e-01
-7.037186516607414344e-01
-6.094495800758237269e-01
3.262170613991084434e-01
4.033509578533034379e-02
5.590312711518983235e-01
-7.062486066840150123e-01
3.647480260792619333e-01
-3.245023128040105398e-01
-3.663629033920079436e-01
-7.530302610827541709e-01
-3.489999664692648995e-01
-6.240120500227726019e-01
1.343667690068430787e-01
3.342180100490605987e-01
1.267047878791862647e-01
9.256328612389852495e-02
1.442605460313401977e-01
-3.129491774418391437e-02
6.134744596078018919e-01
3.094582722108489836e-01
9.925048381677743503e-01
-8.055313725044817019e-01
-9.199709898763650529e-01
5.150246724228522144e-01
-2.346709188304687554e-01
4.781749366137750812e-01
5.818546239649493579e-01
7.319864364411232671e-01
6.383329378576863000e-02
5.462000209051081079e-01
1.211432344624767676e-01
2.589141146723483722e-02
-4.276889293145644810e-01
-5.916175686311841986e-02
-8.223251281268957324e-01
-4.672000203548456465e-01
2.605592653816157789e-01
4.850774614604738133e-01
7.459715386600205278e-01
-3.753219064538559913e-02
8.022930523820555049e-01
-4.641504141131993499e-01
-3.074493863696030616e-01
-4.348769325927404061e-01
2.067959932053802241e-01
1.660329005626570709e-01
-2.135819272732299989e-01
-9.833059851731795753e-01
7.770981081105381438e-01
6.434591128497999524e-01
-7.949791675844974925e-02
-2.334193267361144297e-01
9.533439870884878875e-01
-2.786286728802744861e-01
-8.606825801545443522e-01
6.747901837218648335e-01
-3.141934700473305586e-01
-3.037224598722945146e-01
-4.967453382642865733e-01
8.524731825157707554e-01
-1.899451791772028830e-01
7.631723962388659022e-01
