-1.247778422212773020e-01
1.789250415588323762e-01
6.507697830200351863e-01
-8.822166453004218756e-01
5.356937824357177469e-02
-7.200166410236490400e-01
7.361264272912237949e-02
-9.858596612942482906e-02
9.541320584473129696e-01
4.407581270182394650e-01
4.107909189955400997e-01
-8.474317903176737943e-01
4.573483344773019432e-01
-6.741083766141082734e-01
-6.482556547101410160e-01
7.127701957762149210e-01
-2.402956014613675251e-01
-4.833179680355825791e-01
8.662119435297486181e-01
7.935040395491794740e-01
-8.357144868498189716e-01
-1.908815889692501155e-01
1.670860454532479000e-01
2.272144256543315866e-01
-7.405984654774142584e-01
-8.099242301961828705e-01
7.890412429421782559e-01
2.852419821526281929e-01
3.422566229702972418e-01
3.071404608984102946e-01
-7.794447893851039755e-01
-8.992150071037952053e-02
4.539008074580346275e-01
-3.784691680456544471e-01
-9.343294375397237506e-01
8.119235365947119476e-02
6.478510085186921508e-01
-6.492243596854179177e-01
8.002978811462024833e-01
5.467052115577659688e-01
-8.862424869421581253e-01
5.494947610907940927e-01
4.030458815497093283e-01
-8.777555690827743007e-02
-7.440835094616538026e-01
1.167688991307203050e-01
9.942166038048649845e-01
-5.511868064045055693e-01
4.962838040787096450e-01
2.547102562962004768e-01
-9.504698596852254600e-01
-4.143130348367651816e-01
-3.209833252910856416e-01
9.303578470170885684e-01
-6.841878197160027320e-01
-2.058676986212315541e-01
-1.176669608242593146e-01
6.724195161067909599e-01
2.097279581788453751e-01
2.324124365840478657e-01
1.440406624267684954e-01
5.916864782953605850e-01
-1.732033320434942514e-01
9.135404334418624206e-01
-6.234908102153138287e-01
5.416853036425421930e-01
6.410282886905860344e-02
-8.624505960631703161e-01
-4.199961599619981278e-01
8.835764071961560440e-02
7.997939792375770018e-01
5.541397006073771614e-01
3.655059155470510301e-01
9.568260981652887409e-01
