-2.545448285697538005e-01
2.013666684071913071e-01
-6.945301651669768539e-01
-8.031539821813338254e-01
7.612975479954462443e-01
4.285049887082070796e-01
-3.172825875933629192e-01
-4.003880712746974435e-01
-2.061993179185370728e-01
8.085233653851802149e-01
8.373845518611424676e-01
-5.507937367154551733e-01
-8.575598254827299094e-02
9.529020540835497766e-01
9.740831026914520407e-02
-7.049482820026937713e-01
4.393796237154530271e-01
-8.245009875722542070e-02
7.801966445040384723e-01
-1.110042858196398363e-01
-2.018325102091194090e-01
7.019952652696788142e-01
6.443441988078772997e-01
-8.829178890697777504e-01
-2.724378983218889161e-01
-9.955887351643417649e-01
-8.856733559683143131e-01
-1.170746452734450216e-01
-2.506308861684602984e-01
-6.693189184496470823e-01
4.526323975194974647e-01
-3.153643129245287113e-01
-9.629500006051598948e-01
4.779671034573833577e-01
-7.065198400748049501e-01
8.896395140176738270e-01
9.625293415454256873e-01
2.719446489096404296e-01
7.830174850662403596e-01
-8.367154940632728355e-01
9.095682425070499288e-01
-5.982734614096083536e-01
6.712319775635295915e-01
2.046554425041424707e-03
4.527224609828539581e-01
-8.903625173108136170e-01
7.091471711181920323e-01
1.526859727767442276e-01
-9.380495182976287261e-01
-5.273299644981759293e-01
-1.770604796110482049e-01
8.682514129699441252e-01
-2.059821059265889431e-01
-6.041578863984229386e-01
2.089389736992548485e-01
-7.480239061794775601e-01
-6.442837529392877460e-01
3.361835845876672835e-01
-2.418282597459442407e-01
6.779662818839327088e-02
-1.173965087823749531e-01
-9.558741300345308112e-02
9.550424893236644230e-01
-9.041808854303212684e-01
8.028750778676343458e-01
6.797585099871421566e-01
5.631209817077809099e-01
-4.552774419780198922e-01
5.477493529617956103e-01
-5.000929619264820047e-01
8.775474385136845523e-01
5.319965119411993459e-01
9.148605003595149388e-01
9.306085020045995471e-02
