6.781197306195168029e-01
8.583331661227697751e-01
-8.682355049573740047e-01
-6.627354336469866158e-01
2.533614384695490607e-01
-8.139799581653990312e-01
-7.248500705315930048e-01
-7.572287647324615900e-01
-3.149754457897513404e-02
-8.972200672275032485e-01
7.040617801964021982e-01
-6.724695373066418291e-01
-1.793430700170304259e-01
-5.092381261226688327e-01
6.781612051184597867e-01
1.433803533173314548e-01
-9.023157317383256881e-01
-7.140177921574164532e-01
5.840419954797471114e-01
-5.266458847792720999e-01
-5.722064844693661723e-01
7.909988066717927868e-01
-6.670878873046670599e-02
-2.852640933839318826e-01
-2.013682521647170987e-01
2.666425885080527802e-01
-4.279426659253720011e-01
-2.288049942679226678e-01
-9.634890017400326023e-01
5.890409124524977891e-01
6.307426179323423199e-01
-4.089108231362359458e-01
4.131604696413022637e-01
9.551724083296118106e-01
-2.079875622263032131e-01
1.577420401352136459e-02
-2.886040008315988725e-01
-9.577190978027736445e-01
-4.021316986478993272e-01
-9.641556610360029200e-01
7.956193510937759061e-01
1.723120466127170403e-01
-9.531538726633539405e-01
9.068241473953895238e-01
-8.596696303390749527e-02
-4.861511476275195420e-01
3.175320970519341923e-01
1.926581719487736599e-01
5.931511494383310268e-01
-8.349677714040870669e-01
-4.333648187980070343e-01
-2.521982440448702345e-01
-6.684653867009398009e-01
9.198727217597606476e-01
-9.221616180771605720e-01
-4.922562275732607073e-01
9.414105741354847900e-01
-9.916475038735992342e-01
2.740911566666583976e-01
-7.190720831768022681e-01
-4.709242215445719193e-01
9.334886752005471244e-01
8.998262801504028907e-01
6.841826304844527140e-01
9.998412531579334850e-01
8.121232367247539496e-01
-4.995896564294091124e-01
9.355726958952508276e-01
9.321742056340540650e-01
-3.942369450374001438e-01
-1.567898385818446982e-01
8.814811844126944074e-01
3.579215107574662547e-02
9.669446852132059789e-01
