5.887232254272087850e-01
-9.798486327184716682e-01
4.971584969346087846e-02
-1.837228710029688017e-01
-6.279793683304861762e-01
2.806677999424480596e-01
-4.837204449276275575e-01
-7.010707385330874342e-01
1.233392326783651072e-01
4.329584903997818479e-01
3.983843071885797560e-01
-5.674436799875484105e-01
9.103384479711977839e-01
7.657551497435228782e-01
1.857117107960473135e-01
-8.661057445903752594e-01
-2.079308189152029307e-02
-7.643601928506229548e-01
-7.173948418346751676e-01
-8.016164515440233895e-01
6.463076676900738615e-01
-6.183198279248296458e-01
-6.095536359458879616e-01
-5.071021713889185545e-01
5.233736917024633950e-01
7.182665954148275134e-01
-6.664089533033792367e-01
2.093308287755248909e-01
-6.266721304625171296e-01
-9.231249801142764611e-01
-8.653736326167253967e-01
6.318808988185058428e-01
-3.539829173450248501e-01
9.982610292048192946e-01
-4.284763702845131306e-01
4.842165046719739685e-01
8.209814016978087547e-01
-2.570786420769695102e-01
9.507879578646516450e-01
7.399249465826684968e-02
-6.833690808433274810e-01
9.641233798492370166e-01
9.604775259130100551e-01
-9.002008626303659167e-01
-8.416402088852088514e-01
-1.902206952980156629e-02
-3.708378048894656054e-01
9.008581592512896474e-01
-1.064889829517257080e-01
-2.585822641839530256e-01
-2.697816453309169749e-01
-6.898937040141768229e-01
8.364041437285367753e-01
3.936885536331355961e-01
6.830123889624821754e-01
-6.746779996131286872e-01
-5.013287645747499521e-01
1.511056600200788580e-02
9.307790440669874155e-01
1.058904943917020613e-01
-3.813803122069927554e-01
-1.458062659450549692e-01
5.049581666374509670e-01
-2.494694813734261718e-01
6.965716843157896410e-01
8.211194076144703313e-01
-9.389882409895822235e-01
-2.492323577083068731e-01
6.658083815931072902e-01
-3.864557765562626201e-01
-9.381273418894873206e-01
-6.889439963694099500e-01
4.410868169549519990e-01
4.719027684675412004e-01
