-2.780646362799157334e-01
5.189136141296391003e-01
-1.843904450661222327e-01
-4.033542086459156462e-01
5.239746779766019102e-04
5.525488639566666915e-01
1.213884263451079359e-01
-3.005254191001121011e-01
5.765827781812575825e-01
-8.816814366370182565e-01
-9.795628797310798053e-01
8.279193200385233098e-01
-9.947193332596677706e-01
-3.470716237746709343e-01
-9.903900069242665971e-02
1.873648142488995028e-01
-6.707459197476235424e-01
9.188011241763258674e-01
7.751175154013845159e-02
1.237728471116494866e-01
2.523294824021531380e-01
-4.395385343661932787e-01
-7.380074613898854885e-01
8.597377709149687242e-01
-9.773258634050463467e-01
-2.117792174505332969e-01
-3.945318236050243677e-01
-2.875062214287988915e-01
9.076116565580762963e-01
-7.831944764250491353e-01
1.655223200796773764e-01
-3.691511858189950868e-01
1.235929425124102643e-01
5.944831926007438927e-01
8.338850480728003944e-01
-1.593194090182752376e-01
-6.696697903331849666e-02
1.718063003140168910e-01
-1.555629817357886413e-01
6.547781940295478442e-01
6.327361976822261092e-01
-2.650737412861932096e-01
7.630246283682626807e-01
3.966533161119296658e-01
-4.114234209994029889e-01
4.119615974794992308e-01
-9.523849658281240416e-01
-1.419538135834019776e-01
5.643292528435270849e-01
-3.277783436678800566e-01
1.824182891801766626e-01
3.053535234614164207e-01
-9.146930332479235037e-01
2.399468519765266539e-01
-5.752236427697876575e-01
1.219681151429106158e-01
-9.685292672554222104e-01
-3.762195127841645448e-01
-3.524135474994276596e-01
8.914823177431427936e-01
1.903193569811134633e-01
-2.620321231492270808e-01
-3.228338766425276063e-02
6.558084108214803365e-01
-7.672276143452549935e-01
4.257365792914746816e-01
-9.485551562997047714e-01
7.802644535104052981e-01
-7.425630625746948432e-02
-6.384754539812240726e-01
-7.484509764712747870e-01
1.320281218147998370e-01
9.521562197887611934e-01
4.945653624696144668e-01
