6.308444989213577436e-01
-8.840217543269555112e-01
-9.220150539042581972e-01
-9.118062232441601633e-01
8.686156183948128273e-01
-8.880601189420291863e-01
-1.975392272580076547e-01
-9.380482088343247149e-01
8.562056191235078995e-01
-1.785498003306293935e-01
-3.695510279383587005e-01
-7.079216552473401869e-01
1.416335878489909383e-01
7.254350189849954056e-01
1.179361924688071550e-01
-6.470683294444623535e-01
5.234642645172749020e-02
5.626059807290400006e-01
5.146974700348136977e-01
-6.390995441510063380e-01
-9.927075136524263765e-01
7.417796788335606628e-02
-9.210053182503314950e-01
-8.280813794535355488e-01
-4.275449104817186097e-01
9.510229650965784653e-01
-9.298077525000534305e-01
-9.433221024845310776e-01
-7.932570236128193564e-01
6.183654861753340448e-01
8.179036170574676134e-01
-8.149181547194486175e-01
-4.101822766474281234e-01
9.344756715770912159e-01
4.068898182418427822e-01
1.215813935399310264e-01
4.223849484490187489e-01
-5.302495182693531817e-01
-5.462523945714479190e-01
-7.449439006602132096e-02
-5.354086850710122469e-01
9.940919581853135956e-01
-7.337700424956039580e-01
8.219186500106689941e-02
4.132932533916386930e-01
9.378071645240668719e-01
-1.873296675091618013e-01
2.805487474846433127e-01
1.106034163631279821e-01
-9.968691586849387498e-02
-9.499572706787196008e-01
-2.263445529483221197e-01
7.694601307244686161e-02
-6.325871175827542103e-01
-8.835910590219828720e-01
-2.850194824166365493e-01
-7.208327639787219798e-01
3.677602491253701977e-01
9.617978485725564575e-02
8.515704540762421004e-01
4.562863316825456206e-01
9.936654455838396238e-01
-4.678834932112798661e-01
-4.827642229626358805e-01
-5.209106539367922561e-01
-2.909607624784102953e-01
-2.420705856352345364e-02
-6.686827193042876871e-01
-1.108195957351856276e-01
1.394916619477659658e-01
4.233029724816206318e-01
-3.027885322358030429e-01
-1.114073295891551130e-01
-7.941453371072908496e-01
