-6.131095796491905503e-01
-2.268015454678173892e-01
9.352965145735736563e-01
7.636992858013338381e-01
9.795591533367398185e-01
7.897222478922638622e-01
-6.196903875218995328e-01
6.727232169025776365e-01
-9.539251372037866883e-01
8.634631347776791088e-01
-8.443732534423284974e-01
-2.209106081841969438e-01
8.040341415050333840e-01
8.948686908170275789e-01
4.722406958777123354e-01
-1.804866530238913302e-01
2.233709428707417732e-01
4.638527028155390308e-01
-3.929793736979325658e-02
4.282055638601989234e-01
-4.721876214146236705e-02
-1.118577549150197026e-01
2.958158256461538294e-01
-8.337645171807994693e-02
-6.139129944333236999e-01
-2.910362772548920063e-01
8.131450156046269306e-01
-2.342886112629516404e-01
8.883255034148478391e-01
-4.027406719595556517e-01
4.283369566734631650e-01
4.948245586010953101e-01
-2.881830078530598360e-01
-2.978549382734843043e-01
4.274453518369836225e-02
-8.276669072102107449e-01
9.492042276014684976e-01
-6.523230651551530368e-01
3.073142252256768625e-01
-1.634181066257009984e-01
8.292668799780327227e-01
-4.071908512853259499e-01
-9.585393599319789182e-01
-2.782971500728050884e-01
1.197248441161966603e-01
9.786564023789461331e-01
-1.532714423141583460e-01
2.823374012635615493e-02
6.936457103234472399e-02
7.116874759421725205e-01
8.802644017294951606e-01
5.724902042933353030e-01
2.995864512275232538e-01
-5.411253471971433360e-01
-2.171767832594850844e-01
5.637756443005925711e-02
-9.255679291744198789e-01
5.797374491047380118e-02
7.759634078663839585e-01
-9.165729555436086251e-01
9.282470297531693060e-01
-1.702089153758816753e-01
5.030557015466057269e-01
9.978442986691427041e-01
-2.225438492348468245e-01
9.858522859803704463e-01
4.097149430523741032e-01
-2.827879327274998023e-01
2.846952308010313182e-01
-3.658369241900167879e-01
2.047263845651152714e-01
3.027607339590931979e-01
3.268130879501898178e-01
-2.824114491439497776e-01
