-8.005198268404341011e-01
-9.926057655240025923e-01
-2.891042247985833313e-01
-9.714502421756996409e-01
-3.426434916175908896e-01
-7.104225299750666078e-01
-7.343624257192509219e-01
-8.698723430610899587e-01
8.524478936786705763e-01
-4.079204053939264885e-01
-8.665615537872162211e-01
-7.121588581544626706e-01
-5.275912547490706483e-01
-9.432343366527971007e-01
3.141403583675856925e-01
6.267057556979311883e-01
5.081100663953028729e-01
2.230261759712983682e-01
-4.023349341313600114e-01
9.077389411840601774e-01
-1.535517844654865627e-01
6.118052393676660650e-01
-7.104839368115760667e-01
2.344669204456684142e-01
-4.506056373045825847e-01
8.892535433116433019e-01
-3.701528605375592473e-01
-8.803095522904589298e-01
-6.214075446240443501e-01
-6.304946630520671391e-01
-7.853275512741522135e-01
-5.489705236511397413e-01
2.682630540029107280e-02
-9.180764069796347737e-01
-5.612086714300468238e-02
4.161040472828192449e-01
5.337265412117959684e-01
4.971707888951972798e-01
-2.719557750860124301e-02
2.247070427679398463e-02
-9.486159395418145568e-01
3.057650917702743332e-01
3.561103409300210298e-01
-9.678421558789793711e-01
-3.631583693827571402e-01
-5.540430884842111325e-01
-8.790506963439033150e-01
6.404678819257785261e-01
-8.880920700731571582e-01
-8.000638124830199427e-01
1.359184831318125397e-01
4.475249259577185335e-02
-7.821916909099695392e-01
4.240104887773248343e-01
-7.290536602246637798e-01
4.178376111716959329e-01
-9.365017962525556960e-01
6.988818436295369807e-01
6.965317101745971407e-02
8.623717976589346801e-01
-4.596818412742806892e-01
9.618094891302526595e-01
-9.605161284089684948e-01
-7.969620558430774437e-01
-1.471901694546871031e-01
-8.789407034076828218e-01
-1.540204468542751837e-01
8.584784528640090340e-01
-1.590733644682469361e-01
3.146581913090540361e-02
3.734471634029887799e-01
9.875618654815334629e-01
9.695021363077185317e-01
4.174827943612302583e-01
