5.750875008323135251e-01
-9.579012564109437022e-01
-1.024304272451659337e-01
3.034787083645615891e-01
4.281185157544675768e-01
-1.746211254176777139e-01
-9.071892896994904198e-02
4.136470610317921626e-01
-8.287488886845251201e-01
-6.386707686740591416e-01
-5.368012098723822234e-01
-5.927237771708633307e-01
-6.958453445091283829e-01
1.948114798679549953e-01
-8.032805510498164381e-01
1.998475226994813614e-01
-6.573027019149171313e-01
3.892817366311520644e-01
-5.471241696441604407e-01
8.601038913686198661e-01
-2.544966617327404368e-01
-1.857095344944457160e-01
-5.059619394850383145e-01
-9.636680859229349583e-01
7.935785378922217692e-01
-7.617639138950669242e-01
4.565732203649344179e-01
-6.341020984367895519e-01
6.209263227241577088e-01
-3.317897140633170316e-01
-4.569014814746259479e-01
1.644951421310940631e-01
2.635819088181463599e-01
-6.750367956106910761e-01
-6.460307579271431511e-01
-2.343443330570642580e-01
-4.125381070625189217e-01
6.188534054680925323e-01
1.703191467299909334e-01
5.419393182126719388e-02
-1.386402762084275597e-01
-8.397364859932014980e-01
2.047788277811704027e-01
-9.115945497618400672e-01
2.998096515535053630e-01
-9.641339176822529833e-01
-7.628725638544207044e-01
1.294285073164358479e-02
-5.630682759215721589e-02
-8.991797110662658188e-01
-5.749105152124600604e-01
-1.373973845386387005e-01
-8.339264803575374696e-01
2.605261326761414420e-01
-4.871756196384393611e-01
-4.212941260146618738e-02
1.361477252017218031e-01
9.643170345846574509e-01
-3.811138218058840454e-01
3.309094400842067518e-01
-9.246622893275517896e-01
-7.824166125310620945e-01
-8.202808636623521998e-01
-6.421483177218039184e-01
6.686350654687018835e-01
-7.767105815434780514e-01
-2.259892058730499365e-01
3.327794614636654380e-01
-5.385500930883801995e-01
-4.712845474021043479e-01
1.337684598408619419e-01
-7.233568935784639997e-02
9.165245836918898270e-01
2.155342064797296509e-01
