7.470996247837178306e-01
-8.398138739513933970e-01
1.777986576770065330e-01
-2.665638932373617376e-01
-9.289450226191644511e-01
-4.771410306266528067e-01
-8.628310603402471468e-01
2.413061301416441484e-01
3.533727286006962398e-01
9.631215924656864047e-01
-5.759795133840246439e-01
-3.450166153188680696e-01
-9.568186662489803762e-01
1.218866406239986766e-01
-3.819420345174449061e-01
-6.653842348303427023e-01
9.549039389971218927e-01
-5.140129268967519316e-01
8.346257494057618409e-01
-8.054441823618270213e-01
4.982217893512603801e-01
4.097844499092404558e-01
9.951672492709078277e-01
-8.565076536748601477e-01
-3.584008276354599953e-01
3.269842521374206612e-01
8.308833194525915289e-01
3.523725035484306378e-01
-8.600651988044478724e-01
5.908587293053024769e-01
6.206278621209864177e-01
2.113380423663913099e-01
8.567812884440841881e-01
-1.896089447412019346e-01
-3.145600957150109789e-01
2.396342518966250168e-01
-6.602622856641338078e-01
1.095819414044569839e-01
-4.346571667107979042e-01
-2.942876924683446305e-01
1.751602565782484078e-02
-2.553178527231971806e-01
3.270329598987320452e-03
-8.346455386651663311e-02
4.976559286660637849e-01
2.324733293085885499e-01
-9.589970455705731922e-02
-8.468545324203677893e-01
-4.631105723701098853e-01
8.516888173573364806e-01
8.356502662851688079e-01
-2.036004788933460929e-01
1.337874215451646531e-01
5.336038351157328385e-01
4.077192752101908013e-01
-2.510940116945592493e-01
4.757033008928719386e-01
-3.559896605647003831e-01
4.519307322984502662e-01
7.046450931550207741e-01
-1.714782398237613137e-02
8.521454465906586062e-01
9.659615319584540227e-01
-5.347239082189023662e-01
-7.653018175652248622e-02
-4.782087532095635751e-01
6.645747374358441650e-01
-2.820932299272529420e-01
8.572421834046497491e-01
-5.939998640380053097e-01
-2.893370976754332524e-01
4.679882494637097601e-01
-2.326045707797279594e-01
-1.015231388121953238e-01
