-4.346299179249550892e-01
4.793207239470154146e-01
9.477399958207921582e-01
3.889591030137695693e-01
-9.878812606348135184e-01
-5.949336516097791794e-02
-2.799273502215218201e-01
7.683285908969832434e-01
-2.803720481587834712e-02
-7.532160808838193056e-01
-1.891736352920947439e-03
-8.792143324645649294e-01
-4.300645863771301869e-01
-1.170924852863604038e-01
-2.764042012643752599e-01
4.499282679284812847e-01
6.233238332647017543e-02
-7.045658969700829832e-01
4.051253801890575268e-01
6.350878079686903543e-01
4.187564655447659767e-01
-2.628403359582407450e-01
-2.477055969272374814e-01
-3.168648407254601729e-01
3.975798375769001858e-02
-2.854817281415040764e-01
5.913432444458792681e-01
8.235911817875838370e-01
-1.150805070391112128e-01
2.859319409973746229e-01
-8.208982028983389245e-01
-1.479922088590428508e-01
4.699625756602501259e-01
1.521748353984648805e-01
9.060092694822352577e-02
-5.477877912443658293e-01
-1.504241186336103819e-01
-9.794333909029322438e-01
7.137104255662900520e-01
-4.693633411219422236e-02
-1.619867845293823105e-01
1.582790235233917375e-01
4.873814546687700311e-01
9.043651934520131608e-01
-3.366280638339052000e-01
-2.476172985485303180e-01
7.453089044741474378e-01
5.090782513943761245e-01
-9.683877691577260638e-01
-8.021342280990273466e-03
-7.084011451178711116e-01
-7.657760738733534467e-01
8.145275646435525818e-01
7.714122233564189024e-01
-9.920533073017530068e-01
4.503440913643586008e-02
-3.586415112867600286e-01
-8.516751351216631516e-01
7.335964982605212015e-01
6.432990377889604705e-01
-9.281071021653810593e-01
-2.826964913424698800e-01
5.791142728388041228e-01
-6.139217690011955497e-01
-9.396571646202542816e-01
2.259088122664054676e-01
8.572733473986364761e-01
9.416625326023713161e-01
-4.724253081182892000e-01
-9.004307738000545402e-01
1.160265857621467500e-01
-8.766105362102076803e-01
7.100012196878044968e-01
5.653132505532227903e-01
