2.314716747487901571e-01
7.492275241807484498e-01
-5.282925232200157417e-01
-7.187015056199208551e-01
-5.576273499613169093e-01
4.267712266231544760e-01
-2.343749466505744561e-01
4.394633233069260569e-01
7.364901670191976724e-01
-7.562997951600936020e-01
6.232970533561705828e-01
4.027279911471512985e-01
1.543962999632755295e-01
7.364774048158051478e-01
-4.002416765390655051e-01
4.841015103141810272e-01
-9.244906403934982642e-02
-3.300632366440352516e-01
5.907949089660904374e-01
-4.545337053317368703e-01
-2.684702942907997159e-01
1.768768896400592094e-01
8.853731154073216647e-01
-3.550279625215431167e-01
1.641402888620491218e-01
-5.590835711594814850e-01
7.841219488865152076e-01
3.787253830878967165e-01
3.239248280831128479e-01
-7.900080060946761407e-01
5.890687255500064445e-01
-3.229721712405351219e-01
3.454493028189811188e-01
2.824681505356623212e-01
-7.341911069670321588e-01
-3.810078116118258418e-01
9.267805258703203375e-01
-8.962221546646733650e-01
-4.394087594576068234e-02
-2.320542612920384329e-02
-1.241141091348119119e-01
-7.033998192124950588e-01
-9.122887775976518121e-02
6.436192551575119492e-01
-2.315950009441329893e-01
3.527477022245744109e-01
9.980334350845370128e-01
3.351294238729634056e-01
6.469781917666126425e-01
-9.682021908629911966e-01
-1.594830676962752936e-01
5.194665749946421052e-01
-5.850866288843492580e-01
-1.421610942130047128e-02
2.343214735284626649e-01
8.361843806039110927e-01
-6.760539828086862268e-01
-2.369750736066360552e-01
-5.454169495272234158e-01
-5.287721987365090470e-01
-4.288367725989283841e-02
-9.068859722304321025e-01
6.614448395127829894e-01
9.784913665762151602e-02
6.042407318735802946e-01
-6.217781918123326257e-01
9.119212643441647614e-01
3.946399553857162790e-01
7.916862105880619893e-01
8.359921899663746991e-02
-1.034188618170133189e-01
-4.316884169388957027e-02
6.587513427704687619e-01
-3.773432490121093608e-01
