-3.336507694366201981e-01
8.738720869253926438e-01
-8.643815238612535534e-01
4.727946641359930258e-01
-1.465508732634090983e-01
-8.455343645515760453e-01
2.004308898047038046e-01
1.231034155552459541e-01
-4.313824765658569316e-01
3.119805351142295180e-01
-4.729922762895573118e-01
-8.465480327684546946e-01
7.569764768894624574e-01
-1.431916758983038385e-01
2.536572956625913200e-01
5.536194177196063215e-01
-9.940283368478342041e-01
-1.479229008141220714e-01
-7.378956324345014028e-01
-1.814106597494034023e-01
-7.540747776417451309e-01
-5.355635368282192221e-01
1.886439454342783151e-01
3.840508369184434390e-01
2.774597391306128369e-01
-8.915497915644843285e-01
-2.213989838918679620e-01
5.065389456748263797e-01
-3.913385657708610132e-01
-4.359182077838670288e-01
4.818704902968662385e-01
3.446143822824765390e-01
6.888179520752930607e-01
-5.941866321568760601e-01
3.783604059553993260e-01
3.304904635837129234e-01
-6.855167914120110506e-01
7.099220232187279933e-01
1.296004290852195151e-01
4.459960154117179609e-01
8.326435514210988043e-01
-8.544980515104367846e-01
-3.503162350045110340e-01
-3.791043489633669772e-01
6.606608103847848579e-01
9.216543290471563843e-01
-7.233446172737401092e-02
6.067170437255149373e-01
-3.254521643478343051e-01
2.698779007561693533e-01
4.785893277224035902e-01
-7.398125360833995856e-01
2.825378075490072582e-01
3.979331809680572984e-01
1.505877139438989154e-01
-2.561891569391256951e-01
-9.124546075613635399e-01
-1.228762404919829798e-01
6.932424077717487254e-01
-1.006254210626480461e-01
5.486875174574006309e-01
-7.920443959167131620e-01
8.541903685277221214e-01
6.269833745653943247e-01
5.864873796317577881e-01
-9.586518399715107108e-01
-7.944836965427235498e-01
3.447031908925346499e-01
-5.211914903980141567e-01
1.780326806451648647e-01
-1.399391438814978628e-01
-3.546395921492169201e-01
-1.115915941685052815e-02
-5.815897124325408729e-01
