7.538739253249318040e-01
-1.866605550038595851e-01
-6.955856905817254798e-01
8.506427083988057358e-01
-3.381410644152411660e-01
7.496513882163096110e-01
6.247699870307745762e-01
-8.934134268324289696e-01
9.239313424193293933e-01
-3.300791610272999499e-01
-9.597058142490995092e-01
6.159755125556285460e-01
-9.703363117780321456e-01
1.820224696115382290e-01
6.601612946327626297e-01
-5.131281093776172142e-01
-3.707027412576957559e-02
6.496099174254703623e-01
5.749016967953641810e-01
-2.812647333170561481e-01
-9.846437907876284257e-01
3.376592694820554907e-01
-3.379942498529591166e-01
6.599106332515858320e-02
-9.867727208622727453e-01
5.460539970705620139e-01
-7.575201167042775463e-01
-9.210745033280616223e-01
-6.831771173695744270e-01
-8.054603996505176333e-01
-7.440776775245274699e-01
-6.858388086824800389e-01
6.984365420039950756e-01
-3.988806366237205303e-01
2.314501703067270988e-01
-1.681145794279819139e-01
6.386099197200860722e-01
8.529221362342069845e-01
-3.654257300315635337e-01
-6.653194261712627178e-01
-5.700157278377868675e-01
-4.870925400600505384e-01
-2.348019076255400961e-01
-2.885204196966899559e-01
3.874540843105169774e-01
8.152859319400407312e-01
-8.206302169453889572e-01
-5.590347083563607100e-02
-1.137476054467880804e-01
2.241635558025236730e-01
-7.189910645442698645e-01
3.963934622554727838e-01
-3.577389265824080233e-01
-8.887274732910588337e-01
-2.073430485582761218e-01
-9.421125968837267273e-01
-2.544146327444907207e-01
-8.446251363674326385e-01
7.393275205443816667e-01
-8.408702940699628314e-01
1.297590658730585211e-02
-2.895084857514849119e-01
1.053319180627281249e-01
-2.089476549222202273e-02
-2.908206181186905326e-01
6.484612910650691120e-01
1.626818268415353153e-02
-5.958212668511819743e-01
3.940117547829746769e-02
-2.258095666570842930e-01
-5.758098822386641391e-01
3.699187962246324179e-01
-7.415236292491635961e-01
7.376045606497161344e-01
