-3.467138824697302280e-01
6.334194539360906706e-01
8.907310672202244373e-01
9.412431871452180410e-01
6.786449887071925868e-01
-5.690012290614416823e-01
-9.624787687662343938e-01
-6.871275692378382427e-01
7.741559712199503895e-01
4.194816259222553523e-01
3.725290398998990504e-01
8.164779668169708238e-01
-7.263734163594377513e-01
5.573425336344888237e-01
1.118098559941493875e-01
9.668229026925987402e-01
1.421816952349972407e-01
-2.918435625734594474e-01
-2.400286257921429023e-01
-9.699748489572490584e-02
-3.890104467629107443e-01
-4.295530288887872139e-02
-7.357940660830397661e-03
-6.890706975982885396e-01
-9.175642726384323211e-01
-6.242979964547745730e-01
8.017911866953817412e-01
8.412846350349727498e-01
9.184403420086875158e-01
2.253923643649560216e-01
-3.283355886960017678e-01
-7.837754476883942445e-01
2.445287978049519584e-01
-3.588778267099690389e-02
2.055091046256380949e-01
9.618694829948730707e-01
-4.796822126915294415e-01
-3.090612778858496945e-01
-2.619339038543366804e-02
-9.732098238594266704e-02
5.117337544560611740e-01
-8.771889767462464071e-01
-7.077884215496603737e-01
5.724810377710842779e-01
-4.564321184529844810e-01
6.538528953174309599e-01
-9.428908550758394735e-01
-1.442274173646345137e-01
-1.549331938266604869e-01
1.562849384194238134e-01
8.713714279299658028e-01
-3.911896266080598927e-01
3.810183421655639613e-01
7.788760788185928874e-01
-3.401222274088313569e-01
-4.016547168935780121e-02
-5.531486285641533662e-01
-3.585266963484055047e-01
8.075668502905430923e-01
-7.859930294236157078e-01
-9.845008843715039593e-01
-6.386692630107431157e-01
-9.181589271452623713e-01
-8.305243810351865541e-01
4.846357092982422898e-03
2.314072816116949927e-01
-7.727325910360656192e-01
8.108612498013687553e-01
1.985068986386078205e-01
-7.946042961871555566e-01
-9.613181114506756941e-01
9.649354633103346401e-04
1.334163251753084367e-02
5.281285608000809706e-01
