6.849302987775205409e-01
4.934080333894779180e-01
-9.304563689541347493e-01
9.199357799711875838e-01
-1.645584336152614569e-01
-7.188162615762745400e-01
8.957848633849547770e-01
5.202906021097255529e-01
-9.390094973141391854e-01
-5.761540317573858871e-01
4.523870098503230963e-01
5.785257660002611768e-01
-8.593308297863351264e-01
-3.294496077338071593e-01
-1.621801853289106532e-02
-1.238036977552634532e-01
-9.298335995891471306e-02
-8.114463519318568796e-01
3.393860040731058181e-01
-6.525951107260263839e-01
-7.916818264134628524e-01
-6.679155724952852147e-01
9.845763260496633862e-01
-5.138876428453389433e-01
-9.832219371311028411e-01
6.019042053687251315e-01
4.688067129727080395e-01
5.966074168854640369e-01
5.744863492560214890e-01
-9.298375432087457870e-01
-9.500341717094118454e-01
3.864377043921054522e-01
9.466846131830699562e-01
-2.395418006644987052e-01
5.539199687004048300e-01
1.897612429170285608e-01
5.668061986081591730e-01
-4.681305197693321762e-01
-6.639054341245846924e-01
9.560950625912134626e-02
1.545910471930733721e-02
2.537663826689484647e-01
-3.553101196455215049e-01
1.418336006435709784e-01
3.943071015514107991e-01
9.202158793975396822e-01
-4.521915581638680237e-01
-4.998489426298553528e-01
-7.673307551427517303e-01
2.909941564463767172e-01
8.292781817272851796e-01
6.904618043786361348e-01
-3.231611774073510635e-01
1.621805834214451458e-02
5.237027122734148055e-01
9.765570170664217287e-02
6.901330132622491842e-01
-8.883433460883531918e-01
-2.512995604115011439e-01
9.985720953161862923e-01
-8.624817475778427944e-01
2.449283479593482582e-01
-4.443241994725166677e-02
5.898346762617665551e-01
-9.541562871784512456e-01
-4.541896091715535988e-01
-6.140464600330997058e-02
-5.289108939088178474e-01
1.358644065805432177e-01
-4.921557059593388850e-01
7.319339601066883194e-01
4.934127739074123387e-01
1.286659290798983779e-01
-7.490576964213557787e-01
