-3.252706227563528785e-02
-4.759627240125952063e-01
5.173894879450928741e-01
-8.855304696134733700e-01
9.413622722438674817e-01
-9.984747355745438036e-02
-3.734775054795893556e-01
8.525266481517481676e-01
1.056633187355846548e-01
5.941766672002219973e-01
2.377324655850885371e-01
8.438163756344789768e-01
-7.708880760419027922e-01
-2.806489787843906569e-01
1.860377202680045805e-01
6.700471217937755686e-01
-4.663482144875989999e-01
8.766689262097870916e-01
2.287031172464231155e-01
7.757591814814144282e-01
2.357336602438220297e-02
8.302656439517419606e-02
-2.155693174405399759e-01
-5.083263387307319636e-01
6.714672778680377263e-01
-8.685051096883287247e-01
1.782414536232930224e-01
-1.518321998798195516e-01
-1.552961433838140337e-01
-8.184958168595857231e-02
-1.668826917729788750e-01
-5.160992725732782560e-02
-8.676441971530945985e-02
-2.471596801652544695e-01
4.152989024726314593e-01
-3.631601307594920502e-01
2.594202873162188006e-01
-1.804429152009396908e-01
4.622120302311485407e-01
1.873207748170242493e-01
3.103392177076380598e-01
6.605103266375342841e-01
-9.907810270951866727e-01
-7.570572726610516057e-01
8.309077377301239409e-01
-1.486377099278988201e-01
4.239543891940456000e-02
-9.479331679259290766e-01
-9.061594988499783732e-01
9.791729927650605347e-01
-4.970720301964859367e-02
-6.616608131325523168e-01
-7.887414811168924622e-02
7.552455729578466670e-01
9.526894023394476552e-01
7.923069573143175504e-01
1.728915926175180751e-01
-8.568195136229204145e-01
-6.552897101037575833e-01
4.195836227915246130e-01
4.597176804164562203e-01
-5.150404938128607668e-01
7.197136679984608154e-01
5.365927619230357326e-01
-7.340346860457362954e-01
5.960523132807462598e-01
-5.066262108091159622e-01
6.605873015459051700e-02
8.881598444951046556e-01
-1.262638327897023238e-01
-5.738074130300367948e-01
-1.020134984321521276e-01
-2.139773303220378065e-01
4.875649903786862804e-01
