-9.167991142190998755e-01
1.372299935404541760e-01
-3.789431886790846082e-01
-6.340961805547735697e-01
8.854622942713294975e-01
5.748967187630427134e-02
8.395068875930058461e-01
-8.774567269479693898e-02
-4.984441910006447429e-01
-6.197327391432680965e-01
3.537237674353788108e-02
1.913263274596688213e-01
7.731972007679412950e-01
-9.905490176415630010e-01
3.997581395865716924e-01
-4.778984179899392615e-02
-3.226351032477396963e-01
-5.422377575183179310e-01
7.156981393632675381e-01
3.242761677965817491e-01
-8.754766796300139653e-02
-6.524430558003686542e-01
-9.965550808552403605e-01
-5.058063725474015726e-02
6.396459679514963081e-01
-6.861974768660561441e-01
8.482463906859485370e-01
-2.293653121993202149e-01
5.847816903438678438e-01
1.063228569869476559e-01
6.252207867121624130e-01
-7.736315165628293578e-01
-8.781266402540037763e-01
7.413330092052881071e-01
-1.645919482919713239e-01
-9.559054099515724712e-01
3.409756063834816775e-01
-1.637587322431013348e-01
1.477237267518474173e-01
8.229190233662144749e-01
-6.397262409160293650e-01
-3.706007285334116386e-01
-8.524075339136643059e-01
-9.268718368698940502e-01
3.911232741647532318e-01
4.268976972410787329e-01
7.927564838100475964e-01
2.396918004614487785e-01
8.520139224645713050e-01
4.532591194206097018e-01
3.980994553293850657e-01
-1.000235023978064408e-01
-9.942848642208521603e-01
-2.580848298111590999e-01
8.580572943528255170e-01
7.305991919745080665e-02
-6.548357689538191195e-01
-7.472069695578118509e-01
-9.329480543685062521e-01
-8.063730629458816246e-01
-5.382613858929607975e-01
-7.549459356938137411e-02
4.038714152408324765e-01
1.910335288485260907e-01
-5.977959529805600969e-01
-3.685520695123924995e-01
7.645039830742785814e-01
-2.803531990964971410e-01
6.872553864987465122e-01
8.466599062045150337e-01
2.883517054704283211e-01
5.133498533766811533e-01
-8.260714004218872031e-01
-8.041496366798228657e-02
