6.895575864046783465e-01
-6.159032108345621204e-01
-3.117872567757520308e-01
-8.389106405263551114e-01
-7.365687543891883404e-01
7.686659686942098890e-01
2.542714488509303372e-01
-6.540224051245806525e-01
-7.401066920583829756e-01
-3.580492698095096848e-01
5.668531212662493157e-01
-7.575246532502422081e-01
-4.523951323362864763e-01
-8.271584218272711730e-01
-5.760561567969735286e-02
-2.262577259285702969e-01
-2.417511852217597568e-01
5.522486311225112132e-01
1.610169705204893553e-01
5.812923108183836174e-01
-7.953663405859630053e-01
-1.325830809972010638e-01
-1.702711938572876171e-02
-2.609556909102244138e-01
-2.546915675940721879e-01
-6.071582396738099963e-01
-8.123081172039818831e-01
-6.513656893878163601e-01
1.986444104397280253e-01
9.776402910121484435e-01
-8.303657839831226628e-01
4.236340215161034095e-01
-4.125777441713878169e-01
3.290391360954512123e-01
1.451511439825514671e-01
2.708798256689048944e-01
1.962591529507049515e-01
4.053976602624245196e-01
-3.347314783441597275e-01
3.656306011868484251e-01
-2.850560234918981806e-01
8.880026593893315390e-01
-3.059787967057832070e-01
1.171996491079683178e-01
-1.012791352987409965e-01
2.839720440105815147e-01
-9.477612496701417477e-01
2.400805862251051970e-01
8.336389035729336872e-01
-9.015774846902153694e-01
-4.079474489661949477e-02
8.418224229874646802e-01
-7.538038733042373707e-03
7.929359296253157829e-02
2.690118882666396871e-01
-9.898630903699119354e-01
-9.398898184934865174e-01
3.086143634797995361e-01
-5.091708821642648708e-01
-2.254210513058332310e-01
-9.218480349974129684e-01
-3.236228101424383219e-01
-5.481435352474524070e-01
-1.584772127693565569e-01
-8.176954287242752528e-01
-7.989968895727246334e-01
-2.773486196465739795e-01
-9.899795844502918829e-01
7.447146884635791331e-02
-9.579353291963783601e-01
5.255161695594576798e-01
-1.460192102192894303e-01
3.540070226071501125e-01
-6.617201192532127241e-01
